Temperature	Energy	Magnetization	Specific heat	Susceptibility
0.1	8.00000000000127	1.0	0.0	0.0
0.10590590590590591	8.00000000000127	1.0	0.0	0.0
0.11181181181181182	8.00000000000127	1.0	0.0	0.0
0.11771771771771772	8.00000000000127	1.0	0.0	0.0
0.12362362362362363	8.00000000000127	1.0	0.0	0.0
0.12952952952952954	8.00000000000127	1.0	0.0	0.0
0.13543543543543546	8.00000000000127	1.0	0.0	0.0
0.14134134134134135	8.00000000000127	1.0	0.0	0.0
0.14724724724724725	8.00000000000127	1.0	0.0	0.0
0.15315315315315317	8.00000000000127	1.0	0.0	0.0
0.15905905905905907	8.00000000000127	1.0	0.0	0.0
0.164964964964965	8.00000000000127	1.0	0.0	0.0
0.17087087087087088	8.00000000000127	1.0	0.0	0.0
0.17677677677677678	8.00000000000127	1.0	0.0	0.0
0.18268268268268267	8.00000000000127	1.0	0.0	0.0
0.1885885885885886	8.00000000000127	1.0	0.0	0.0
0.19449449449449452	8.00000000000127	1.0	0.0	0.0
0.2004004004004004	8.00000000000127	1.0	0.0	0.0
0.2063063063063063	8.00000000000127	1.0	0.0	0.0
0.2122122122122122	7.994240000001271	0.99964	0.015564800000010573	0.000304
0.21811811811811813	8.00000000000127	1.0	0.0	0.0
0.22402402402402405	8.00000000000127	1.0	0.0	0.0
0.22992992992992994	8.00000000000127	1.0	0.0	0.0
0.23583583583583584	7.99744000000127	0.99984	0.011468800000010803	0.00022399999999999997
0.24174174174174176	7.995200000001271	0.9997	0.017408000000004423	0.00033999999999999997
0.24764764764764766	7.9968000000012704	0.9998	0.020480000000020957	0.0004
0.2535535535535536	8.00000000000127	1.0	0.0	0.0
0.2594594594594595	7.9977600000012705	0.9998600000000001	0.016588800000011734	0.00032399999999999996
0.26536536536536537	8.00000000000127	1.0	0.0	0.0
0.27127127127127126	7.996800000001269	0.9998	0.012288000000009082	0.00023999999999999998
0.27717717717717716	7.99840000000127	0.9999	0.009216000000007683	0.00018
0.2830830830830831	7.988800000001266	0.9993	0.09932800000009406	0.0019399999999999999
0.288988988988989	7.994560000001271	0.99966	0.01658880000000417	0.00032399999999999996
0.2948948948948949	7.990400000001266	0.9994	0.086016000000095	0.00168
0.30080080080080085	7.988160000001262	0.99926	0.09441280000009555	0.0018440000000000006
0.30670670670670674	7.994080000001268	0.9996200000000001	0.02257920000002971	0.000516
0.31261261261261264	7.990720000001267	0.9994200000000001	0.0673792000000275	0.0013160000000000001
0.31851851851851853	7.984640000001263	0.9990399999999999	0.09338880000008717	0.001824
0.32442442442442443	7.995200000001268	0.9997	0.00921600000001467	0.00018
0.3303303303303303	7.9968000000012704	0.9998	0.008192000000003726	0.00016
0.3362362362362362	7.978880000001261	0.9986799999999999	0.34488320000028977	0.006736
0.34214214214214217	7.989440000001266	0.99934	0.18042880000018252	0.003524000000000001
0.34804804804804806	7.984960000001263	0.9990600000000001	0.3033088000003018	0.005924000000000001
0.353953953953954	7.989440000001267	0.99934	0.0452608000000278	0.0008840000000000001
0.3598598598598599	7.983360000001264	0.9989600000000001	0.1056768000001044	0.0020640000000000003
0.3657657657657658	7.975040000001258	0.99844	0.2859008000003058	0.005584000000000001
0.3716716716716717	7.9801600000012645	0.99876	0.3637248000002613	0.007104000000000001
0.3775775775775776	7.977600000001256	0.9986	0.32358400000035326	0.00632
0.3834834834834835	7.97920000000126	0.9987	0.2877440000002781	0.00562
0.3893893893893894	7.979200000001262	0.9987	0.5171200000004197	0.0101
0.3952952952952953	7.970240000001258	0.9981399999999999	0.8439808000007345	0.016484
0.4012012012012012	7.97536000000126	0.99846	0.5408768000005661	0.010564000000000002
0.4071071071071072	7.984000000001264	0.999	0.25395200000020046	0.00496
0.4130130130130131	7.978560000001258	0.9985799999999999	0.35246080000035396	0.008116
0.41891891891891897	7.9731200000012565	0.9983200000000001	0.38174720000035006	0.007456000000000002
0.42482482482482486	7.964800000001253	0.9978	0.7782400000008022	0.0152
0.43073073073073076	7.969920000001257	0.9981200000000001	0.6397952000005737	0.012496
0.43663663663663665	7.968000000001254	0.998	0.823296000000633	0.01608
0.44254254254254255	7.969600000001259	0.99808	1.0014720000008268	0.020416000000000004
0.44844844844844844	7.957120000001247	0.9973200000000001	1.6678912000018655	0.03257600000000001
0.45435435435435434	7.962880000001252	0.9976799999999999	1.1067392000012115	0.021616000000000003
0.46026026026026023	7.949440000001246	0.9968	1.7993728000018987	0.03664
0.46616616616616624	7.9520000000012425	0.99698	2.36236800000264	0.047236
0.47207207207207214	7.9608000000012495	0.9974200000000001	1.3058560000012482	0.027476000000000004
0.47797797797797803	7.95904000000125	0.99744	2.096332800002031	0.04094400000000001
0.4838838838838839	7.953600000001248	0.9971	1.5493120000015002	0.030260000000000002
0.4897897897897898	7.9579200000012476	0.9973200000000001	1.7695232000019758	0.036256000000000004
0.4956956956956957	7.94352000000125	0.99636	3.301427200002541	0.07134399999999999
0.5016016016016016	7.956320000001247	0.99726	1.6364032000016149	0.032644000000000006
0.5075075075075075	7.922400000001237	0.99508	4.299008000003547	0.088496
0.5134134134134134	7.9225600000012255	0.99516	4.6850048000051085	0.09150400000000002
0.5193193193193193	7.9462400000012465	0.99664	2.358476800002008	0.046064
0.5252252252252253	7.945600000001242	0.9966	2.6091520000028203	0.050960000000000005
0.5311311311311312	7.936800000001242	0.9958600000000001	3.4460160000028917	0.078404
0.5370370370370371	7.932160000001239	0.9957600000000001	3.6528128000032676	0.07134399999999999
0.542942942942943	7.955840000001248	0.9972	2.1884928000021238	0.04456
0.5488488488488489	7.921280000001233	0.9950399999999999	5.0849792000050975	0.10342400000000003
0.5547547547547548	7.927360000001236	0.9953799999999999	4.987084800004526	0.102996
0.5606606606606607	7.919520000001237	0.9948799999999999	5.559347200005366	0.11377600000000002
0.5665665665665666	7.909760000001231	0.9942799999999999	5.4724608000049075	0.11033600000000002
0.5724724724724725	7.90176000000122	0.9938600000000001	7.819468800007418	0.15272400000000003
0.5783783783783784	7.911680000001232	0.9943799999999999	7.035699200006051	0.144356
0.5842842842842844	7.89344000000122	0.9933	7.6924928000072565	0.15338
0.5901901901901903	7.90048000000123	0.9937	7.235379200006049	0.14778
0.5960960960960962	7.895840000001221	0.9934	9.109964800008552	0.18344000000000002
0.602002002002002	7.907680000001226	0.99406	8.604723200009166	0.17992400000000003
0.6079079079079079	7.893280000001218	0.9930200000000001	8.017971200007645	0.172916
0.6138138138138138	7.899360000001214	0.9936	9.235916800009651	0.19008
0.6197197197197197	7.902240000001222	0.9938799999999999	7.367116800007675	0.14513600000000001
0.6256256256256256	7.888000000001224	0.9928600000000001	9.77920000000904	0.20112400000000002
0.6315315315315315	7.872800000001209	0.9918399999999999	12.806400000012507	0.273904
0.6374374374374374	7.9014400000012195	0.99374	8.842444800009055	0.17888400000000002
0.6433433433433433	7.91088000000123	0.9944	5.28696320000504	0.1056
0.6492492492492492	7.874880000001208	0.99208	10.599219200010237	0.21233599999999997
0.6551551551551552	7.855680000001201	0.9907600000000001	14.828339200014007	0.30926400000000004
0.6610610610610611	7.882080000001212	0.99244	13.795379200013898	0.29238400000000003
0.666966966966967	7.908160000001228	0.99416	10.37946880000986	0.213984
0.6728728728728729	7.886560000001213	0.99274	11.15591680001145	0.233444
0.6787787787787788	7.873440000001219	0.99172	12.899788800010997	0.282496
0.6846846846846847	7.8459200000012	0.9901399999999999	17.260595200015075	0.36432400000000004
0.6905905905905906	7.857120000001208	0.99098	17.681459200014803	0.358196
0.6964964964964965	7.850240000001204	0.9904799999999999	17.261772800015102	0.35217600000000004
0.7024024024024024	7.871680000001206	0.9918799999999999	14.98091520001506	0.307376
0.7083083083083083	7.861440000001212	0.9912	18.175180800016296	0.37351999999999996
0.7142142142142143	7.846080000001197	0.9902799999999999	20.331315200019212	0.414576
0.7201201201201202	7.835520000001188	0.9894200000000001	19.302195200018865	0.408996
0.7260260260260261	7.839360000001198	0.98988	21.36801280001898	0.430976
0.731931931931932	7.877440000001216	0.9921	13.154508800012035	0.27698
0.7378378378378379	7.852640000001212	0.9906	20.32071680001748	0.41623999999999994
0.7437437437437437	7.8251200000011885	0.9888600000000001	22.496307200020322	0.46064400000000005
0.7496496496496496	7.8132800000011775	0.98816	19.98545920002034	0.41086399999999995
0.7555555555555555	7.842080000001197	0.98972	18.730035200018158	0.3976160000000001
0.7614614614614614	7.837600000001192	0.98964	21.60051200002047	0.44534399999999996
0.7673673673673673	7.829120000001198	0.98916	25.501491200022063	0.516864
0.7732732732732733	7.836800000001199	0.9896	23.94112000002152	0.48391999999999996
0.7791791791791792	7.81296000000119	0.9880200000000001	26.564044800023	0.554756
0.7850850850850851	7.836480000001201	0.98966	19.547955200016055	0.396804
0.790990990990991	7.798560000001178	0.98718	32.01889280002727	0.665796
0.7968968968968969	7.818560000001186	0.98844	26.266828800023248	0.542544
0.8028028028028028	7.8073600000011885	0.98774	30.15290880002553	0.624724
0.8087087087087087	7.792480000001169	0.98692	28.008499200025923	0.562096
0.8146146146146146	7.807040000001172	0.9875	35.43265280003324	0.7703399999999999
0.8205205205205205	7.823200000001183	0.98864	29.072640000026855	0.622224
0.8264264264264264	7.818240000001176	0.9884	25.020620800025927	0.52152
0.8323323323323324	7.784640000001181	0.9863799999999999	34.897100800029804	0.711156
0.8382382382382383	7.767360000001162	0.98514	43.87041280003952	0.9082439999999998
0.8441441441441442	7.776960000001166	0.9857600000000001	42.378444800038494	0.8654240000000002
0.8500500500500501	7.76624000000116	0.9850200000000001	43.75188480003814	0.9268360000000001
0.855955955955956	7.764640000001154	0.9848600000000001	37.965260800036035	0.7834439999999999
0.8618618618618619	7.7659200000011674	0.9849399999999999	37.198899200031896	0.792324
0.8677677677677678	7.800160000001182	0.9873	38.91962880003539	0.78546
0.8736736736736737	7.750880000001154	0.9841200000000001	44.714035200040165	0.933776
0.8795795795795796	7.775200000001166	0.9855799999999999	42.421504000037615	0.8875560000000001
0.8854854854854856	7.764960000001166	0.98488	40.424908800035844	0.851616
0.8913913913913915	7.7651200000011595	0.985	44.57963520003979	0.9295200000000001
0.8972972972972973	7.763520000001155	0.98464	46.085939200042496	1.0157439999999998
0.9032032032032032	7.759040000001163	0.98464	41.11687680003677	0.8599040000000001
0.9091091091091091	7.7665600000011645	0.9849600000000001	43.17742080003974	0.918784
0.915015015015015	7.753920000001165	0.98414	44.638003200038966	0.952564
0.9209209209209209	7.7508800000011595	0.98416	50.61944320004691	1.037504
0.9268268268268268	7.787680000001174	0.9865200000000001	39.484467200036235	0.811536
0.9327327327327327	7.731360000001158	0.9825799999999999	56.55188480004882	1.221956
0.9386386386386386	7.794240000001184	0.9865799999999999	39.3003008000323	0.8475560000000001
0.9445445445445446	7.743840000001137	0.9835	59.19687680006132	1.2841
0.9504504504504505	7.730400000001145	0.98282	55.821568000048785	1.1659560000000002
0.9563563563563564	7.736320000001149	0.9829	58.69445120005215	1.26346
0.9622622622622623	7.687520000001115	0.9797799999999999	82.71774720008035	1.775316
0.9681681681681682	7.760000000001154	0.9843200000000001	49.99475200004538	1.086416
0.9740740740740741	7.703040000001146	0.98114	64.89620480005206	1.3307240000000002
0.97997997997998	7.712960000001137	0.98146	58.457292800052926	1.237364
0.9858858858858859	7.719680000001141	0.9819	63.29937920005653	1.36354
0.9917917917917918	7.712480000001149	0.9814799999999999	64.44958720005026	1.390736
0.9976976976976977	7.728000000001145	0.98246	56.01382400004852	1.2104039999999998
1.0036036036036038	7.6864000000011234	0.98	75.7166080000715	1.5608799999999998
1.0095095095095097	7.713600000001141	0.98174	67.37100800006435	1.3872840000000002
1.0154154154154156	7.726240000001152	0.9822799999999999	60.54753280005334	1.3047360000000001
1.0213213213213215	7.736800000001147	0.9831200000000001	68.5498880000654	1.424416
1.0272272272272274	7.72256000000114	0.98224	60.53191680005639	1.288144
1.0331331331331333	7.713760000001127	0.9817600000000001	58.79546880005453	1.2023039999999998
1.0390390390390392	7.750400000001149	0.9839	51.41913600005156	1.09826
1.044944944944945	7.720320000001148	0.9822	63.29016320005531	1.3167200000000001
1.050850850850851	7.711200000001139	0.9814799999999999	60.56678400005575	1.271856
1.0567567567567568	7.712000000001142	0.9815200000000001	62.394368000056204	1.315296
1.0626626626626627	7.702080000001132	0.98064	68.97745920006486	1.4896639999999999
1.0685685685685686	7.668480000001114	0.97862	86.98040320007993	1.860596
1.0744744744744745	7.675200000001125	0.97914	75.15852800006373	1.6172040000000003
1.0803803803803804	7.679840000001137	0.9794200000000001	71.70606080006061	1.5347560000000002
1.0862862862862863	7.68624000000113	0.9799200000000001	81.99828480007231	1.703296
1.0921921921921922	7.714080000001144	0.98154	72.97438720006218	1.5772040000000003
1.098098098098098	7.702240000001136	0.9806799999999999	78.64673280007283	1.7036959999999999
1.1040040040040042	7.644000000001115	0.9766600000000001	88.31820800007219	1.930004
1.1099099099099101	7.6684800000011135	0.97872	82.14917120007362	1.721296
1.115815815815816	7.68512000000112	0.9800399999999999	82.20753920007839	1.6574239999999998
1.121721721721722	7.660800000001124	0.9781200000000001	90.43558400007699	1.9153760000000002
1.1276276276276278	7.623040000001099	0.97596	113.2105728000983	2.3423839999999996
1.1335335335335337	7.657280000001115	0.9776799999999999	91.47678720008277	1.970896
1.1394394394394396	7.64208000000111	0.9770399999999999	94.01656320007736	1.9827839999999997
1.1453453453453455	7.652960000001127	0.9773	95.04302080007477	2.10378
1.1512512512512514	7.642080000001112	0.97664	96.78033920008203	2.097904
1.1571571571571573	7.637120000001099	0.9765799999999999	104.73553920009407	2.241796
1.1630630630630632	7.725920000001136	0.9825	67.97931520006311	1.4201
1.168968968968969	7.683520000001128	0.97972	84.08453120007381	1.7646560000000002
1.174874874874875	7.670080000001131	0.97864	86.23288320007009	1.864224
1.1807807807807809	7.6281600000011	0.9760200000000001	114.42810880009993	2.4734760000000002
1.1866866866866868	7.6132800000010885	0.97514	109.19224320009127	2.330724
1.1925925925925926	7.638400000001117	0.97682	99.64236800007862	2.104196
1.1984984984984985	7.641280000001115	0.9768	101.55806720008789	2.16984
1.2044044044044044	7.6318400000011195	0.97634	110.34670080008924	2.3393639999999998
1.2103103103103106	7.6187200000010975	0.9752799999999999	116.03153920010229	2.494736
1.2162162162162165	7.603040000001085	0.97434	121.19802880010805	2.586164
1.2221221221221223	7.645440000001117	0.97736	110.70689280009307	2.3013439999999994
1.2280280280280282	7.669600000001129	0.97882	100.62873600008457	2.1307560000000003
1.2339339339339341	7.6000000000011	0.9742	126.83571200010604	2.6861599999999997
1.23983983983984	7.646400000001112	0.9770399999999999	110.24179200009401	2.401104
1.245745745745746	7.586560000001074	0.9733200000000001	124.63226880011233	2.680176
1.2516516516516518	7.613280000001083	0.97496	118.17374720010855	2.5621439999999995
1.2575575575575577	7.650080000001123	0.9776	93.62334720007641	1.9493599999999998
1.2634634634634636	7.6131200000011034	0.97524	124.65848320010579	2.5850239999999998
1.2693693693693695	7.618400000001091	0.9756799999999999	114.8316160001019	2.3245760000000004
1.2752752752752754	7.617920000001095	0.97506	101.31435520009002	2.229764
1.2811811811811813	7.589120000001089	0.97314	140.28677120011847	3.121524
1.2870870870870872	7.572480000001086	0.9724	145.74366720012208	3.12488
1.292992992992993	7.606080000001093	0.9747	112.21176320009543	2.37114
1.298898898898899	7.613920000001111	0.9750200000000001	117.42622720009201	2.506836
1.3048048048048049	7.5777600000010805	0.97278	134.97902080012386	2.883476
1.3107107107107108	7.605440000001083	0.97456	148.65735680013285	3.1849439999999993
1.3166166166166167	7.596800000001094	0.97406	121.43616000009872	2.571924
1.3225225225225228	7.590240000001088	0.97344	114.61268480010156	2.491824
1.3284284284284287	7.606080000001097	0.9746	115.51006720009885	2.48544
1.3343343343343346	7.569760000001073	0.9721799999999999	137.60148480011895	2.9324359999999996
1.3402402402402405	7.589600000001081	0.9735	125.23340800010654	2.69778
1.3461461461461464	7.571520000001068	0.97252	153.58443520013202	3.2705759999999997
1.3520520520520523	7.5579200000010704	0.97124	149.2623872001286	3.2276640000000003
1.3579579579579582	7.601120000001096	0.9741799999999999	124.57989120010384	2.7327559999999997
1.363863863863864	7.602240000001099	0.9743	135.52046080010865	2.86618
1.36976976976977	7.570880000001089	0.97206	147.06667520012087	3.2061640000000002
1.3756756756756758	7.579040000001085	0.97298	134.14753280011226	2.8204360000000004
1.3815815815815817	7.545120000001062	0.97072	144.58168320012217	3.096256
1.3874874874874876	7.58512000000108	0.9729200000000001	145.16433920012463	3.1803359999999996
1.3933933933933935	7.553760000001074	0.9710799999999999	143.31233280011435	3.1456960000000005
1.3992992992992994	7.545440000001068	0.9704200000000001	166.91962880014202	3.5903560000000003
1.4052052052052053	7.6028800000010985	0.97434	137.81893120011307	2.995924
1.4111111111111112	7.5528000000010795	0.9708	143.00902400011677	3.1204
1.417017017017017	7.5382400000010845	0.97006	174.06484480013097	3.7560839999999995
1.422922922922923	7.530880000001067	0.9698399999999999	162.9274112001405	3.4454240000000005
1.428828828828829	7.525440000001066	0.96916	162.6011648001284	3.5623039999999992
1.4347347347347348	7.56480000000108	0.97196	146.55385600011456	3.1078240000000004
1.440640640640641	7.555040000001066	0.9713200000000001	161.18113280014666	3.444096
1.4465465465465468	7.541280000001078	0.9703	177.2063232001454	3.84114
1.4524524524524527	7.508000000001062	0.9679	194.23872000015655	4.29226
1.4583583583583586	7.54704000000107	0.9705799999999999	177.7269248001533	3.9155560000000005
1.4642642642642645	7.567200000001069	0.97178	140.8862720001238	3.097476
1.4701701701701704	7.558240000001085	0.97114	157.03290880012568	3.4771240000000003
1.4760760760760763	7.501440000001063	0.96752	178.2181888001455	3.8989759999999993
1.4819819819819822	7.565440000001074	0.97226	144.6320128001272	3.0393639999999995
1.487887887887888	7.518720000001058	0.9689200000000001	175.07614720013675	3.7692159999999997
1.493793793793794	7.531840000001072	0.9693	178.092236800144	3.9091400000000003
1.4996996996996999	7.512160000001061	0.9683799999999999	187.92084480014952	4.018596
1.5056056056056057	7.485440000001052	0.96678	194.7578368001587	4.1153960000000005
1.5115115115115116	7.546400000001073	0.9705799999999999	163.0579200001389	3.5651559999999995
1.5174174174174175	7.531360000001087	0.9693200000000001	168.7024128001308	3.752896
1.5233233233233234	7.512320000001053	0.9685	182.4315392001529	3.92138
1.5292292292292293	7.541920000001062	0.9702799999999999	169.0900992001467	3.6552960000000008
1.5351351351351352	7.537120000001062	0.96986	171.55793920014892	3.7527240000000006
1.5410410410410411	7.532000000001078	0.9700799999999999	168.77696000013592	3.475696
1.546946946946947	7.527680000001062	0.9692200000000001	161.12312320013527	3.523476
1.552852852852853	7.52032000000106	0.96864	173.65483520014453	3.9015839999999997
1.558758758758759	7.530560000001055	0.96964	173.1381248001506	3.7218240000000007
1.564664664664665	7.508480000001046	0.9679399999999999	184.03205120016267	4.027444
1.5705705705705708	7.4828800000010505	0.9666600000000001	187.03646720015234	4.016804
1.5764764764764767	7.483680000001052	0.9666799999999999	201.5406592001646	4.332896000000001
1.5823823823823826	7.464160000001037	0.9651	219.1098368001767	4.7957
1.5882882882882885	7.518080000001055	0.9689200000000001	193.52145920015678	4.093616
1.5941941941941944	7.442880000001014	0.96372	250.96478720020102	5.489136
1.6001001001001003	7.484960000001059	0.96634	218.99822080017938	4.886483999999999
1.6060060060060062	7.527040000001057	0.9693799999999999	188.18170880015893	4.077156
1.611911911911912	7.489440000001036	0.96688	193.27022080016744	4.2513760000000005
1.617817817817818	7.461920000001036	0.96498	207.91301120017243	4.497636
1.6237237237237239	7.452480000001029	0.965	232.37201920019197	4.88336
1.6296296296296298	7.46480000000104	0.9656399999999999	231.16211200019328	4.843424000000001
1.6355355355355357	7.511520000001059	0.96816	184.02411520015164	4.057583999999999
1.6414414414414416	7.470560000001043	0.96562	206.50644480016106	4.548196
1.6473473473473474	7.505280000001054	0.9681	191.24715520016244	4.13906
1.6532532532532533	7.452480000001022	0.96452	228.88017920019308	4.876256
1.6591591591591592	7.480640000001035	0.96634	196.80686080016474	4.313284
1.6650650650650651	7.456160000001026	0.9648200000000001	219.18458880019242	4.631636
1.6709709709709712	7.439680000001026	0.9636	232.89016320018783	5.1836
1.6768768768768771	7.501120000001055	0.9675799999999999	186.23057920014705	4.107475999999999
1.682782782782783	7.45664000000104	0.96478	234.41633280019164	5.054276
1.688688688688689	7.471040000001054	0.9650200000000001	211.53300480016628	4.872916
1.6945945945945948	7.421280000001026	0.9625799999999999	258.3675392002069	5.552916
1.7005005005005007	7.501760000001064	0.96752	208.26849280016998	4.550815999999999
1.7064064064064066	7.480800000001045	0.9663	225.5178240001832	4.9713
1.7123123123123125	7.420480000001031	0.96234	282.41182720022636	6.095284
1.7182182182182184	7.455840000001044	0.9642	230.41274880018025	5.13256
1.7241241241241243	7.468000000001045	0.9655600000000001	209.03552000016575	4.541104
1.7300300300300302	7.4670400000010355	0.9652799999999999	240.3813888001991	5.258576
1.735935935935936	7.465440000001043	0.96562	244.51118080019455	5.161715999999999
1.741841841841842	7.465600000001031	0.9653200000000001	216.3466240001761	4.681536
1.7477477477477479	7.450880000001033	0.96446	227.24485120018204	4.934564
1.7536536536536538	7.4601600000010455	0.9647600000000001	224.95764480018016	4.9927839999999994
1.7595595595595597	7.41632000000102	0.9622	252.99845120020606	5.4981599999999995
1.7654654654654656	7.432800000001031	0.96306	248.28544000019977	5.436244
1.7713713713713715	7.458880000001026	0.9644	239.565619200201	5.42392
1.7772772772772774	7.470400000001037	0.96536	212.34892800016632	4.764464
1.7831831831831833	7.472320000001052	0.9660200000000001	231.6879872001852	4.975076
1.7890890890890894	7.420160000001032	0.9621799999999999	267.4843648002048	5.882916
1.7949949949949953	7.439360000001029	0.9639200000000001	250.11425280020697	5.320496
1.8009009009009012	7.404960000001028	0.96104	272.08852480021466	6.062863999999999
1.806806806806807	7.400640000000994	0.9609200000000001	267.20481280023245	5.911376000000001
1.812712712712713	7.473760000001035	0.96554	231.28007680019206	5.171924
1.8186186186186188	7.412480000001024	0.9621799999999999	270.7884032002149	5.743475999999999
1.8245245245245247	7.39712000000102	0.9607399999999999	292.4695552002256	6.430803999999999
1.8304304304304306	7.455200000001048	0.96486	254.7151360002018	5.358804
1.8363363363363365	7.457120000001024	0.9648	221.0468352001855	4.79304
1.8422422422422424	7.367680000001013	0.9589799999999999	304.5537792002394	6.673475999999999
1.8481481481481483	7.45504000000103	0.96498	238.00033280019952	5.022595999999999
1.8540540540540542	7.445120000001031	0.96406	239.69771520020237	5.167364
1.85995995995996	7.4622400000010485	0.9651200000000001	236.42772480018198	5.132096000000001
1.865865865865866	7.446080000001035	0.96342	240.6121472002014	5.4421159999999995
1.871771771771772	7.41120000000104	0.9612799999999999	259.11705600018746	5.8192960000000005
1.8776776776776778	7.459200000001028	0.96442	238.7998720001958	5.416436
1.8835835835835837	7.379680000001007	0.95988	279.73432320022897	6.072575999999999
1.8894894894894896	7.40336000000101	0.96144	261.2290048002143	5.554144
1.8953953953953955	7.425920000001034	0.96216	249.16459520019498	5.676944000000001
1.9013013013013014	7.391840000001013	0.9604600000000001	273.9603968002124	5.982563999999999
1.9072072072072075	7.438560000001036	0.96372	246.2437888001985	5.268896
1.9131131131131134	7.389440000001019	0.9604600000000001	289.6785408002284	6.199203999999999
1.9190190190190193	7.383040000001012	0.9598	294.84769280022596	6.4604
1.9249249249249252	7.384640000001016	0.96036	278.474956800216	5.899264
1.930830830830831	7.430880000001019	0.9626600000000001	246.30789120020026	5.524563999999999
1.936736736736737	7.397120000000999	0.96104	297.1584512002461	6.3473440000000005
1.9426426426426429	7.3550400000010026	0.9575600000000001	287.675852800224	6.551664
1.9485485485485488	7.406560000001022	0.9612	267.03508480021225	5.87408
1.9544544544544546	7.408320000001003	0.9615799999999999	259.48446720021843	5.702916000000001
1.9603603603603605	7.337760000000993	0.95678	335.9379968002655	7.416995999999999
1.9662662662662664	7.4070400000009995	0.9615600000000001	271.4574848002268	5.876784000000001
1.9721721721721723	7.384640000001002	0.96006	293.6363008002367	6.405284
1.9780780780780782	7.367840000001015	0.95868	299.3914368002255	6.6873759999999995
1.9839839839839841	7.422720000001035	0.96262	264.2931712002053	5.781235999999999
1.98988988988989	7.41008000000102	0.96154	269.64280320021555	5.926563999999999
1.995795795795796	7.388320000001008	0.96036	291.09355520023433	6.349824000000001
2.001701701701702	7.343680000001003	0.95752	314.8429312002278	6.840256000000001
2.0076076076076075	7.442720000001039	0.96424	257.2554752002001	5.467343999999999
2.0135135135135136	7.398080000001011	0.96126	275.9667712002304	5.879124000000001
2.0194194194194197	7.374880000001005	0.9593799999999999	294.78814720022876	6.495155999999998
2.0253253253253254	7.370720000000996	0.9592	293.9382272002379	6.31744
2.0312312312312315	7.388800000001014	0.9602200000000001	283.6623360002206	6.173796
2.037137137137137	7.352480000001004	0.9579	313.83147520023743	6.8769800000000005
2.0430430430430433	7.370400000000994	0.9589	311.2819200002581	6.791060000000001
2.048948948948949	7.38800000000101	0.96024	288.4979200002326	6.370303999999999
2.054854854854855	7.352000000000997	0.9572200000000001	313.43308800023965	7.122275999999998
2.0607607607607608	7.368000000001007	0.9587200000000001	300.2552320002395	6.622015999999999
2.066666666666667	7.3227200000009764	0.9558	346.907699200276	7.71592
2.0725725725725725	7.4062400000010165	0.9610200000000001	277.7215488002242	6.263876
2.0784784784784787	7.312000000000975	0.95488	368.527360000288	8.373375999999999
2.0843843843843843	7.393440000001011	0.96062	289.7914368002378	6.334036
2.0902902902902905	7.331040000000995	0.95644	325.11226880024583	7.195663999999998
2.096196196196196	7.358240000000998	0.95814	285.9350528002333	6.2668040000000005
2.1021021021021022	7.3796800000010165	0.9595799999999999	299.6224512002375	6.630995999999999
2.1080080080080084	7.332000000000985	0.95634	343.25734400028324	7.663524000000001
2.113913913913914	7.397920000001008	0.96116	293.27569920023524	6.285904
2.11981981981982	7.357120000000985	0.9578	319.4550272002595	7.12
2.125725725725726	7.363200000001012	0.9587399999999999	304.8017920002352	6.638244
2.131631631631632	7.411840000001027	0.9617399999999999	270.1692928002171	5.893363999999999
2.1375375375375376	7.389920000001017	0.96104	300.79288320023574	6.268224000000001
2.1434434434434437	7.385760000001008	0.9598	325.8270208002712	7.24776
2.1493493493493494	7.31232000000098	0.9553	337.74878720026754	7.356339999999999
2.1552552552552555	7.3308800000009855	0.95652	349.0342912002822	7.687776000000001
2.161161161161161	7.320480000000971	0.956	387.57893120031866	8.39136
2.1670670670670673	7.373920000001012	0.9588	297.8028032002374	6.7012
2.172972972972973	7.368000000001004	0.95816	308.6960640002542	7.026224000000001
2.178878878878879	7.33232000000098	0.9564	337.79307520026026	7.53264
2.1847847847847848	7.328800000000994	0.9564600000000001	331.7117440002534	7.227124000000001
2.190690690690691	7.368800000001004	0.9591	296.5803520002331	6.41426
2.196596596596597	7.34528000000099	0.9574799999999999	319.97829120026387	6.917136
2.2025025025025027	7.329760000000999	0.9564	333.1947008002546	7.28592
2.208408408408409	7.298880000000972	0.9538200000000001	344.10270720027586	7.839555999999998
2.2143143143143145	7.2776000000009855	0.95224	385.6990720003031	8.762464
2.2202202202202206	7.3708800000010015	0.9590200000000001	298.35857920024296	6.673796
2.2261261261261263	7.31712000000098	0.9557200000000001	346.8920832002699	7.519375999999999
2.2320320320320324	7.332800000000988	0.9566399999999999	324.0519680002645	7.105103999999999
2.237937937937938	7.386240000001015	0.9603200000000001	306.1762048002426	6.5882559999999994
2.243843843843844	7.382240000001004	0.95988	304.93844480024256	6.564495999999999
2.24974974974975	7.344320000000985	0.9572	347.62833920028413	7.69008
2.255655655655656	7.366720000000996	0.9583	303.08741120024195	6.87418
2.2615615615615616	7.360960000001003	0.9582	328.7031808002613	7.27072
2.2674674674674677	7.3062400000009715	0.9549799999999999	339.2104448002767	7.340195999999999
2.2733733733733734	7.317600000001008	0.95514	326.24768000024716	7.287843999999999
2.2792792792792795	7.325760000000986	0.9559200000000001	362.1941248002857	8.079695999999998
2.285185185185185	7.292480000000985	0.954	359.5671552002704	7.797680000000001
2.2910910910910913	7.343040000000981	0.95724	335.8834688002749	7.444223999999999
2.296996996996997	7.331520000000993	0.95614	343.8190592002703	7.7164839999999995
2.302902902902903	7.332320000000979	0.9563	341.65355520026856	7.67858
2.308808808808809	7.340160000000983	0.95696	346.25863680027834	7.5753439999999985
2.314714714714715	7.284320000000979	0.9536600000000001	400.5274112003086	8.697524000000001
2.320620620620621	7.307840000000992	0.95436	351.32026880026166	7.992143999999999
2.3265265265265267	7.284320000000972	0.95352	383.7215232002963	8.415616
2.332432432432433	7.337600000000998	0.9570799999999999	366.899200000277	7.929295999999999
2.3383383383383385	7.311680000000975	0.9552200000000001	350.3798272002799	7.5949160000000004
2.3442442442442446	7.2846400000009774	0.9535600000000001	388.6678528003011	8.425104000000001
2.3501501501501503	7.317600000000979	0.9556600000000001	328.9827840002649	7.214963999999998
2.3560560560560564	7.340000000001009	0.95676	340.28364800025304	7.636384
2.361961961961962	7.314240000000965	0.95534	361.694412800288	7.946804000000001
2.367867867867868	7.328000000001002	0.9561	335.29958400025464	7.41706
2.373773773773774	7.312960000000993	0.95494	381.69722880028536	8.533843999999998
2.37967967967968	7.282560000000963	0.95276	387.04455680031646	8.784544
2.3855855855855856	7.2980800000009785	0.9549799999999999	403.94142720031584	8.585796
2.3914914914914918	7.292960000000977	0.95424	382.749132800298	8.326064
2.3973973973973974	7.316960000000991	0.95588	341.0139648002644	7.315295999999999
2.4033033033033036	7.29600000000098	0.9538399999999999	381.02630400028335	8.604544
2.4092092092092092	7.3136000000009735	0.95554	364.9546240002939	7.929363999999999
2.4151151151151153	7.30656000000099	0.95478	359.199948800272	7.920995999999999
2.421021021021021	7.299520000000983	0.95462	400.7370752002904	8.739875999999999
2.426926926926927	7.298560000000984	0.954	371.24014080028456	8.2264
2.4328328328328332	7.243360000000959	0.95044	432.7377408003259	9.554224
2.438738738738739	7.297600000000981	0.9541	398.1547520003109	8.828339999999999
2.444644644644645	7.324320000000991	0.9558200000000001	355.5830272002791	7.9516360000000015
2.4505505505505507	7.28432000000097	0.9534600000000001	413.3693952003255	8.931923999999999
2.456456456456457	7.292480000000966	0.9535	380.4260352003045	8.62946
2.4623623623623625	7.298560000000978	0.9545	386.6800128003156	8.376339999999999
2.4682682682682686	7.289760000000975	0.95378	399.82740480030856	8.781555999999998
2.4741741741741743	7.2846400000009774	0.954	392.3685888003019	8.307839999999999
2.4800800800800804	7.30144000000099	0.9545799999999999	377.83162880027163	8.269956
2.485985985985986	7.304640000000973	0.9543	387.087564800301	8.56218
2.491891891891892	7.254880000000987	0.9507200000000001	438.592563200314	9.986736
2.497797797797798	7.3328000000010025	0.95696	318.5428480002429	6.903904000000001
2.503703703703704	7.299840000000991	0.95376	391.1794688003018	8.876224
2.5096096096096097	7.300640000000979	0.9541200000000001	375.59854080029845	8.364416
2.5155155155155158	7.287200000000975	0.95396	387.80134400029596	8.401983999999999
2.5214214214214214	7.312800000000988	0.9552799999999999	371.5248640002833	8.135696000000001
2.5273273273273276	7.291040000000983	0.9535399999999999	376.1893888002928	8.290403999999999
2.5332332332332332	7.299360000000982	0.9544	387.69095680028937	8.508
2.5391391391391394	7.263680000000965	0.9521799999999999	394.7313152003091	8.590276000000001
2.5450450450450455	7.257600000000947	0.95136	436.177920000354	9.747504000000001
2.550950950950951	7.303360000000985	0.95444	335.62644480025546	7.515904000000001
2.5568568568568573	7.2712000000009605	0.95242	430.4724480003331	9.555716
2.562762762762763	7.2321600000009525	0.9496600000000001	424.39418880032423	9.395444
2.568668668668669	7.315040000000971	0.95504	364.13588480030586	8.106704
2.5745745745745747	7.202720000000937	0.9479799999999999	462.7149312003491	10.137476000000001
2.580480480480481	7.303040000000992	0.9540799999999999	391.8143488002831	8.891215999999998
2.5863863863863865	7.21680000000096	0.9489200000000001	482.6872320003557	10.652496
2.5922922922922926	7.261600000000974	0.95116	414.19699200031476	9.462384
2.5981981981981983	7.258240000000954	0.9513	409.9534848003165	9.16858
2.6041041041041044	7.280640000000972	0.9532799999999999	409.52033280033174	8.893616
2.61001001001001	7.256480000000959	0.9516600000000001	383.4399232003031	8.458244000000002
2.615915915915916	7.278240000000964	0.9530799999999999	395.865548800317	8.728736000000001
2.621821821821822	7.2321600000009445	0.9502	452.9986048003453	9.90552
2.627727727727728	7.311840000000977	0.9554	372.3340288003046	8.011519999999999
2.6336336336336337	7.232160000000959	0.9494799999999999	420.3606528003165	9.344176
2.63953953953954	7.297440000000985	0.9535	387.37454080029926	8.89322
2.6454454454454455	7.262400000000962	0.9518	435.9956480003347	9.5512
2.6513513513513516	7.273120000000968	0.9520200000000001	399.99800320030766	8.964436
2.6572572572572573	7.260960000000952	0.95224	420.94330880033334	9.102543999999998
2.6631631631631634	7.283680000000978	0.95278	398.94737920029405	9.060595999999999
2.6690690690690695	7.306240000000992	0.95434	374.9695488002848	8.589924
2.674974974974975	7.192320000000933	0.9474	488.52459520037996	10.6744
2.6808808808808813	7.274880000000974	0.95224	428.56837120032	9.605103999999999
2.686786786786787	7.216320000000941	0.94858	450.16145920034637	10.086116
2.692692692692693	7.235680000000956	0.95032	448.9226752003478	9.836816
2.6985985985985987	7.266240000000968	0.952	407.52353280030405	9.13256
2.704504504504505	7.196160000000949	0.947	492.7520768003788	11.2004
2.7104104104104105	7.247360000000971	0.95104	442.39073280033915	9.737424
2.7163163163163166	7.2806400000009655	0.9534799999999999	401.5239168003128	8.593056
2.7222222222222223	7.23424000000096	0.9497399999999999	466.57351680035805	10.432964
2.7281281281281284	7.26448000000098	0.9521	424.04664320031753	9.2185
2.734034034034034	7.274720000000969	0.9530200000000001	387.9107072002986	8.404196
2.7399399399399402	7.241760000000943	0.95062	424.3655168003307	9.331396
2.745845845845846	7.241760000000958	0.95006	418.6546688003164	9.455044
2.751751751751752	7.215040000000945	0.94888	452.908236800352	10.110736
2.7576576576576577	7.236960000000967	0.9498	435.85274880034325	9.80224
2.763563563563564	7.242240000000948	0.9503	419.1428608003319	9.39122
2.7694694694694695	7.258400000000974	0.9513	396.6671360002955	8.8881
2.7753753753753756	7.252000000000973	0.95132	426.8526080003212	9.388255999999998
2.7812812812812817	7.247360000000967	0.95086	444.4223488003325	9.804324000000001
2.7871871871871874	7.242880000000948	0.95058	442.5326592003537	9.794356
2.7930930930930935	7.228320000000965	0.94944	452.7892992003382	10.142384
2.798998998998999	7.18624000000093	0.9463799999999999	488.35911680037697	11.089876
2.8049049049049053	7.234400000000953	0.94926	426.596608000328	9.792964
2.810810810810811	7.230400000000957	0.95024	477.4932480003652	10.255664
2.816716716716717	7.1936000000009415	0.94684	490.9004800003737	11.209984
2.8226226226226228	7.2246400000009645	0.9495	469.4990848003471	10.344339999999999
2.828528528528529	7.280480000000952	0.9530200000000001	382.34629120030974	8.407475999999999
2.8344344344344345	7.238560000000954	0.9499	443.4508288003535	9.98978
2.8403403403403407	7.237280000000965	0.9502	453.6535552003429	9.877839999999999
2.8462462462462463	7.209920000000949	0.94896	455.8907392003457	9.914784000000001
2.8521521521521525	7.281760000000987	0.95306	406.21204480029667	8.961684
2.858058058058058	7.251840000000966	0.95088	437.41614080034464	9.744255999999998
2.8639639639639642	7.231840000000969	0.9493799999999999	438.30830080031706	9.887156
2.86986986986987	7.269920000000975	0.9514799999999999	403.20209920029697	9.428576
2.875775775775776	7.169440000000936	0.9462200000000001	506.70842880039646	11.136835999999999
2.8816816816816817	7.221760000000935	0.94924	449.1798528003587	9.846944000000002
2.887587587587588	7.217920000000954	0.94824	453.5324672003305	10.368784
2.893493493493494	7.205120000000936	0.94858	463.5430912003531	9.967476000000001
2.8993993993993996	7.273920000000964	0.9529	426.52651520032276	9.41242
2.9053053053053057	7.218080000000957	0.94932	484.5404672003739	10.409536
2.9112112112112114	7.207040000000966	0.9481200000000001	461.4094848003279	10.239376
2.9171171171171175	7.2265600000009504	0.94986	451.7183488003453	9.807044
2.923023023023023	7.2379200000009485	0.9499	427.48216320033373	9.61394
2.9289289289289293	7.176160000000932	0.94668	530.7140608003942	11.482656
2.934834834834835	7.191040000000951	0.9460799999999999	469.73972480035496	10.993776
2.940740740740741	7.204800000000956	0.94716	484.43084800035393	11.109664000000002
2.9466466466466468	7.1990400000009265	0.94732	473.1496448003646	10.719615999999998
2.952552552552553	7.14416000000092	0.9442200000000001	544.931276800399	11.986516
2.9584584584584586	7.227840000000939	0.9496600000000001	458.5054208003561	10.143204
2.9643643643643647	7.221440000000945	0.9491200000000001	452.5826048003489	10.083456
2.9702702702702704	7.18752000000095	0.94696	494.96145920036037	10.936304
2.9761761761761765	7.249280000000969	0.9509	445.34046720033496	10.0169
2.982082082082082	7.210560000000952	0.9480200000000001	467.0588928003434	10.592356
2.9879879879879883	7.219840000000953	0.94904	473.89409280034823	10.569583999999999
2.993893893893894	7.196000000000955	0.9477	477.786368000329	10.55418
2.9997997997998	7.2612800000009665	0.95204	421.59621120031727	9.210543999999999
3.0057057057057057	7.236480000000951	0.95068	445.70091520034765	9.617296
3.011611611611612	7.188480000000936	0.94724	482.3764992003536	10.628384
3.017517517517518	7.21072000000094	0.94862	465.8586112003574	10.066275999999998
3.0234234234234236	7.221280000000959	0.94842	458.4991232003324	10.403796
3.0293293293293297	7.1606400000009325	0.9449799999999999	516.0910848003696	11.533156000000002
3.0352352352352354	7.209120000000938	0.9482799999999999	494.2705152003886	10.856256000000002
3.0411411411411415	7.229440000000955	0.94962	461.84263680034536	10.323556
3.047047047047047	7.169280000000932	0.94478	498.71749120035804	11.515155999999998
3.0529529529529533	7.223840000000942	0.94934	449.46682880035775	9.888884
3.058858858858859	7.174720000000925	0.9463600000000001	512.3684352003959	11.273824
3.064764764764765	7.236960000000952	0.9495600000000001	456.41262080034784	10.419424000000001
3.070670670670671	7.153760000000923	0.94458	566.7527168004193	12.835636000000001
3.076576576576577	7.187040000000951	0.9467200000000001	510.12858880037163	11.549135999999999
3.0824824824824826	7.185120000000925	0.947	502.92229120038627	11.0308
3.0883883883883887	7.217600000000957	0.94886	466.9562880003448	10.297844
3.0942942942942944	7.217120000000948	0.9491	484.7483392003719	10.676260000000001
3.1002002002002005	7.17072000000092	0.9452200000000001	512.9001472004011	11.717716000000001
3.106106106106106	7.208000000000953	0.9481	484.0550400003634	10.843060000000001
3.1120120120120123	7.209440000000954	0.94816	459.6648448003518	10.350864
3.117917917917918	7.13888000000092	0.9437200000000001	525.9886592003933	11.721295999999999
3.123823823823824	7.24464000000095	0.9505399999999999	451.36327680035106	10.100164
3.12972972972973	7.236800000000963	0.95034	456.1182720003418	10.009524000000003
3.135635635635636	7.1668800000009245	0.94532	503.5868672003892	11.303296000000001
3.141541541541542	7.162560000000929	0.9452	527.1451648003858	11.75864
3.1474474474474476	7.198880000000948	0.9474	476.6188032003595	10.78696
3.1533533533533538	7.2251200000009685	0.9495600000000001	467.5830272003369	10.332944
3.1592592592592594	7.169120000000946	0.9457	525.9653632003793	11.77082
3.1651651651651656	7.225760000000941	0.9495	467.32231680037285	10.31274
3.1710710710710712	7.189280000000928	0.9471799999999999	501.3934592003914	11.165956000000001
3.1769769769769773	7.175520000000953	0.94634	488.0968192003403	10.827443999999998
3.182882882882883	7.207200000000937	0.9477200000000001	479.96851200038054	10.900336
3.188788788788789	7.2032000000009475	0.948	487.345152000375	10.75272
3.194694694694695	7.176480000000923	0.94596	496.77009920038734	11.084304000000001
3.200600600600601	7.145120000000909	0.94432	548.1165312004134	11.997775999999998
3.2065065065065066	7.163680000000934	0.9452799999999999	529.463347200393	11.859696000000001
3.2124124124124127	7.230720000000969	0.94968	454.87493120032053	10.144496
3.2183183183183184	7.2107200000009515	0.9486600000000001	481.83813120035614	10.527123999999999
3.2242242242242245	7.180160000000947	0.94634	519.1958528003939	11.420563999999999
3.23013013013013	7.240000000000944	0.9505399999999999	470.06310400035073	10.192803999999999
3.2360360360360363	7.171360000000949	0.9457	541.6258048003854	12.017539999999999
3.2419419419419424	7.215040000000923	0.9487399999999999	475.1454208003871	10.567124
3.247847847847848	7.17408000000093	0.9457200000000001	523.5556352004032	11.624496
3.253753753753754	7.169120000000939	0.9457399999999999	498.5037312003813	11.002884
3.25965965965966	7.181120000000937	0.9466	546.7574272004244	12.112160000000001
3.265565565565566	7.20288000000096	0.9473600000000001	510.7658752003748	11.398143999999998
3.2714714714714717	7.186720000000927	0.9467399999999999	500.6920192003877	11.310484
3.2773773773773778	7.17216000000093	0.9456399999999999	517.4233088003846	11.742624
3.2832832832832834	7.207360000000949	0.94826	489.82343680035416	10.812484
3.2891891891891896	7.189760000000938	0.94694	503.8573568003693	11.249844
3.2950950950950952	7.182560000000927	0.9463600000000001	498.37614080037514	11.224224
3.3010010010010014	7.142400000000931	0.9435399999999999	561.8227200004167	12.607284
3.306906906906907	7.16272000000093	0.94586	551.9534592004143	12.024084
3.312812812812813	7.161280000000939	0.9448	531.0298112003838	11.98672
3.318718718718719	7.131200000000916	0.9435	586.9086720004277	12.95202
3.324624624624625	7.183520000000936	0.94616	495.55358720037003	11.097184
3.3305305305305306	7.172320000000928	0.9457	509.64997120037503	11.49162
3.3364364364364367	7.15152000000093	0.94404	533.8153472004079	12.171263999999999
3.3423423423423424	7.154720000000922	0.94452	553.74238720042	12.445696
3.3482482482482485	7.183680000000958	0.9466	501.3317632003414	11.15848
3.354154154154154	7.171680000000939	0.94596	528.7404032003969	11.524303999999999
3.3600600600600603	7.164800000000931	0.9451	524.9044480003911	11.80826
3.3659659659659664	7.18240000000094	0.94616	497.797120000372	11.158544
3.371871871871872	7.156000000000911	0.9443799999999999	513.8803200003935	11.599396
3.377777777777778	7.197920000000946	0.9476399999999999	501.2828672003777	11.111263999999998
3.383683683683684	7.142720000000928	0.94366	537.2086272004041	12.076483999999999
3.38958958958959	7.14736000000092	0.94458	530.3249408004091	11.673236000000001
3.3954954954954957	7.192000000000944	0.9467399999999999	486.1808640003642	11.014324000000002
3.401401401401402	7.1862400000009385	0.9470200000000001	542.5440768004144	11.892995999999998
3.4073073073073075	7.137440000000914	0.9441200000000001	568.3716608004188	12.293136000000002
3.4132132132132136	7.153600000000925	0.94352	557.3836800003995	12.935216
3.4191191191191193	7.160480000000951	0.94434	527.0282752003744	12.147444000000002
3.4250250250250254	7.183040000000944	0.94578	507.0696448003491	11.976196
3.430930930930931	7.1587200000009155	0.94504	563.3452032004243	12.441904
3.436836836836837	7.116800000000914	0.9416	589.7984000004369	13.502720000000002
3.442742742742743	7.197920000000935	0.94732	498.48632320037683	11.373616
3.448648648648649	7.146720000000925	0.94368	537.7710592004003	12.318736000000001
3.4545545545545546	7.1792000000009475	0.9461	529.0342400003875	11.86514
3.4604604604604607	7.164800000000954	0.945	538.5533440003829	11.96528
3.4663663663663664	7.14928000000093	0.94344	550.3519232003872	12.658864000000001
3.4722722722722725	7.157600000000922	0.9452	529.942784000396	11.5956
3.4781781781781786	7.130880000000926	0.94316	573.8985472004096	12.893664000000001
3.4840840840840843	7.171040000000951	0.9451799999999999	512.129484800364	11.793236000000002
3.4899899899899904	7.136000000000914	0.9433799999999999	560.621568000437	12.429316
3.495895895895896	7.1164800000009105	0.94216	568.8604672004227	12.832304
3.5018018018018022	7.154560000000938	0.94442	532.5068288003836	11.974596
3.507707707707708	7.127360000000939	0.9429	577.6027648003942	12.79306
3.513613613613614	7.13760000000092	0.9435399999999999	562.2353920004168	12.480884
3.5195195195195197	7.1321600000009076	0.94296	566.8753408004424	12.602383999999999
3.525425425425426	7.181440000000941	0.94626	525.1524608003825	11.713923999999999
3.5313313313313315	7.2318400000009495	0.9497399999999999	484.82042880037596	10.941123999999999
3.5372372372372376	7.134240000000908	0.9433799999999999	554.0489728004143	12.501155999999998
3.5431431431431433	7.140480000000937	0.943	571.5484672003979	13.142560000000001
3.5490490490490494	7.163040000000937	0.94532	552.2231808003984	12.241776000000002
3.554954954954955	7.1566400000009525	0.94444	555.7303808003907	12.587264000000001
3.560860860860861	7.139200000000939	0.94314	529.0137600003802	12.026323999999999
3.566766766766767	7.150400000000921	0.9445600000000001	557.7103360004148	12.489583999999999
3.572672672672673	7.120960000000926	0.9424	590.2010368004202	13.4168
3.5785785785785786	7.138880000000916	0.9437200000000001	582.5247232004361	12.957616
3.5844844844844848	7.153600000000935	0.94466	540.2337280003925	11.861684
3.590390390390391	7.172800000000934	0.9462799999999999	545.4469120004132	11.985536000000002
3.5962962962962965	7.1040000000009025	0.94058	595.3454080004564	13.653955999999999
3.6022022022022027	7.141600000000927	0.94376	556.7767040004097	12.525903999999999
3.6081081081081083	7.1216000000009325	0.94224	558.3226880004139	12.674384
3.6140140140140145	7.088320000000916	0.94016	600.3853312004261	13.458383999999999
3.61991991991992	7.17968000000093	0.9464799999999999	516.7780352003955	11.466576000000002
3.6258258258258262	7.171200000000946	0.94584	525.3283840003828	11.686463999999999
3.631731731731732	7.113600000000913	0.9419200000000001	585.1525120004412	13.115456
3.637637637637638	7.1048000000009095	0.9418	616.7851520004402	13.601120000000002
3.6435435435435437	7.154720000000933	0.9447399999999999	537.354291200402	12.087363999999999
3.64944944944945	7.166240000000942	0.9456200000000001	550.5929728003912	12.126516
3.6553553553553555	7.129440000000926	0.94286	599.9927808004303	13.535684
3.6612612612612616	7.163200000000923	0.94494	546.0398080004287	12.282884
3.6671671671671673	7.125120000000909	0.9427	588.4076032004408	13.1421
3.6730730730730734	7.12272000000094	0.94232	555.4248192003703	12.603295999999999
3.678978978978979	7.163840000000928	0.94496	515.9292928003965	11.739743999999998
3.684884884884885	7.162560000000931	0.94496	540.3588608004105	12.131663999999999
3.690790790790791	7.122880000000907	0.9423600000000001	549.790515200419	12.306944000000001
3.696696696696697	7.110880000000904	0.94178	613.2122112004562	13.659315999999997
3.7026026026026027	7.1096000000009125	0.94168	612.0880640004451	13.671135999999999
3.7085085085085088	7.182560000000949	0.9467	524.4717568003689	11.62754
3.714414414414415	7.161120000000941	0.94494	508.8420352003758	11.358004
3.7203203203203206	7.12592000000093	0.9424399999999999	578.0500992004199	12.946463999999999
3.7262262262262267	7.176640000000919	0.94616	514.8499968003828	11.304863999999998
3.7321321321321324	7.1294400000009315	0.94232	605.1568128004199	13.741776000000002
3.7380380380380385	7.147680000000904	0.9442200000000001	557.6448512004439	12.416276000000002
3.743943943943944	7.1304000000009164	0.94294	599.7294080004505	13.306003999999998
3.7498498498498503	7.1337600000009305	0.9432200000000001	542.3515648004056	12.036596
3.755755755755756	7.128000000000914	0.9426399999999999	599.2785920004615	13.572544
3.761661661661662	7.151040000000947	0.9443600000000001	558.8901888003943	12.442784
3.7675675675675677	7.12592000000091	0.9427	579.9772672004358	13.1365
3.773473473473474	7.1414400000009115	0.9438200000000001	571.3338368004186	12.802596000000001
3.7793793793793795	7.149920000000939	0.9446	556.9976832003824	12.26368
3.7852852852852856	7.11856000000091	0.9424600000000001	584.9123328004225	12.920404
3.7911911911911913	7.132960000000908	0.9431	554.8712448004235	12.53154
3.7970970970970974	7.092640000000913	0.94058	625.558988800451	13.774836000000002
3.803003003003003	7.109600000000913	0.94176	612.6041600004553	13.470784
3.808908908908909	7.138400000000928	0.9430799999999999	558.0126720003966	12.782176000000002
3.814814814814815	7.103360000000912	0.9418200000000001	625.5228928004586	13.754596000000003
3.820720720720721	7.129280000000917	0.94232	561.9126272004187	12.804255999999999
3.826626626626627	7.108960000000918	0.9416	583.2339968004201	13.112639999999999
3.832532532532533	7.099200000000929	0.94058	616.348672000454	14.073316
3.838438438438439	7.108320000000915	0.9411799999999999	610.5375232004477	13.889956
3.8443443443443446	7.105920000000918	0.94152	596.5166592004083	13.386576000000002
3.8502502502502507	7.101120000000914	0.94126	613.3194752004423	13.438003999999998
3.8561561561561564	7.117440000000925	0.94224	607.3387008004328	13.523264
3.8620620620620625	7.128800000000923	0.9423799999999999	555.9677440004076	12.452516
3.867967967967968	7.113120000000895	0.94142	592.0184832004467	13.434996000000002
3.8738738738738743	7.14016000000093	0.9437200000000001	559.1001088004035	12.539536000000002
3.87977977977978	7.096160000000925	0.9402200000000001	591.6615168004346	13.578276
3.885685685685686	7.1032000000009115	0.9414399999999999	600.764672000459	13.377264000000002
3.8915915915915917	7.115520000000924	0.9417200000000001	579.2878592004133	13.269215999999997
3.897497497497498	7.10128000000091	0.94106	622.640179200451	14.035283999999999
3.9034034034034035	7.117120000000914	0.94194	608.4974592004414	13.619924000000003
3.9093093093093096	7.104480000000911	0.9407	619.1124992004412	14.1901
3.9152152152152153	7.145600000000932	0.94366	589.4287360004296	13.368163999999998
3.9211211211211214	7.1528000000009175	0.94414	549.953792000393	12.717923999999998
3.927027027027027	7.08768000000089	0.9404399999999999	645.8949632004703	14.323344
3.9329329329329332	7.075520000000896	0.9388799999999999	621.2237312004611	14.252176
3.9388388388388393	7.168960000000935	0.9453799999999999	551.3197568004204	12.550116000000001
3.944744744744745	7.099680000000922	0.94096	616.2647552004261	13.847103999999998
3.950650650650651	7.128800000000927	0.9421	577.4348800004145	13.25978
3.956556556556557	7.136320000000944	0.9428799999999999	577.8491392004019	13.001376
3.962462462462463	7.1022400000009265	0.9406200000000001	604.9520128004223	13.885316
3.9683683683683686	7.114560000000912	0.9420200000000001	582.7227648004258	12.916676
3.9742742742742747	7.096800000000914	0.94124	625.6048640004445	13.832063999999999
3.9801801801801804	7.115680000000929	0.9416	572.8553472003977	13.155439999999999
3.9860860860860865	7.07728000000091	0.9389	651.9122432004806	14.899779999999998
3.991991991991992	7.089920000000906	0.9405600000000001	629.9185152004619	14.100463999999999
3.9978978978978983	7.081760000000917	0.9396	628.7569408004407	14.217279999999999
4.0038038038038035	7.1089600000009305	0.94124	610.9014528004243	13.717024000000002
4.00970970970971	7.118880000000911	0.94214	597.7262592004358	13.390644
4.015615615615616	7.076000000000871	0.9392	635.749632000491	14.31768
4.021521521521522	7.121440000000931	0.9424600000000001	562.6249728004047	12.567124000000002
4.027427427427427	7.14304000000091	0.94386	525.4699008003935	11.830563999999999
4.033333333333333	7.087360000000898	0.94024	635.3133568004639	14.235824
4.039239239239239	7.107040000000918	0.94084	599.0322688004381	13.729584
4.0451451451451454	7.134560000000926	0.94342	598.4670208004198	13.362516000000001
4.051051051051051	7.110240000000938	0.94096	612.754892800415	14.206863999999998
4.056956956956957	7.102720000000923	0.9406399999999999	575.3290752004054	13.119504000000001
4.062862862862863	7.098560000000894	0.9413	609.3508608004554	13.51842
4.068768768768769	7.131680000000929	0.9429	559.5802112004201	12.36098
4.074674674674675	7.084160000000904	0.9395600000000001	643.95796480046	14.587984
4.08058058058058	7.120960000000925	0.94252	587.7055488004376	13.058016
4.0864864864864865	7.10320000000089	0.9413	608.2716160004602	13.59194
4.092392392392393	7.098720000000899	0.9410200000000001	600.8177152004258	13.440276
4.098298298298299	7.092480000000907	0.9403	641.1139072004596	14.537460000000001
4.104204204204204	7.10368000000089	0.9409799999999999	601.7810432004554	13.575876000000001
4.11011011011011	7.0934400000009	0.9403600000000001	601.3605888004438	13.766944
4.116016016016016	7.122560000000917	0.9421	582.3643648004298	13.26746
4.121921921921921	7.065120000000918	0.9383799999999999	653.1236352004642	14.688515999999998
4.1278278278278275	7.108160000000923	0.9407	607.5394048004265	14.0857
4.133733733733734	7.053600000000911	0.9373	634.1982720004436	14.566820000000002
4.13963963963964	7.095840000000896	0.941	640.9845248004781	14.17976
4.145545545545545	7.08416000000089	0.9404	659.7429248005121	14.536879999999998
4.151451451451451	7.104320000000924	0.94104	592.9633792004313	13.450303999999997
4.157357357357357	7.074560000000894	0.93948	627.265740800455	13.983136000000002
4.163263263263263	7.073120000000888	0.93886	652.0136192004805	14.824163999999998
4.169169169169169	7.100640000000933	0.94096	607.3338368004355	13.613103999999998
4.175075075075075	7.077440000000888	0.9396200000000001	647.7989888004852	14.474116
4.180980980980981	7.082080000000889	0.9394399999999999	656.1372672004995	14.937263999999999
4.186886886886887	7.120320000000912	0.9418200000000001	588.1167872004356	13.460916000000001
4.192792792792793	7.0584000000008995	0.9384	657.8188800004588	14.75104
4.198698698698698	7.105280000000923	0.9406200000000001	573.1827712004082	13.124196
4.204604604604604	7.090720000000931	0.9407	647.3155072004608	14.17138
4.2105105105105105	7.123840000000928	0.94226	597.1007488004144	13.556644
4.216416416416417	7.074880000000902	0.93916	622.5631232004622	14.235344
4.222322322322322	7.083520000000914	0.9403	655.2174592004735	14.429620000000002
4.228228228228228	7.046400000000905	0.93766	684.607488000487	15.308724
4.234134134134134	7.119200000000907	0.94232	585.2234240004377	13.002016000000001
4.24004004004004	7.0734400000008995	0.9392	653.8121728004725	14.619520000000001
4.245945945945945	7.108800000000913	0.9421	589.090816000422	12.97522
4.2518518518518515	7.0771200000008925	0.93926	627.9309312004626	14.208884000000003
4.257757757757758	7.089120000000911	0.9399200000000001	628.9029632004557	14.389695999999999
4.263663663663664	7.1107200000008985	0.94132	602.4394752004591	13.856496000000002
4.269569569569569	7.094720000000916	0.94016	624.529203200433	14.224784
4.275475475475475	7.109760000000928	0.9414600000000001	586.9641728003967	13.212084000000003
4.281381381381381	7.07328000000091	0.9390200000000001	622.8324352004518	14.048276000000001
4.287287287287287	7.071680000000905	0.9386399999999999	652.407603200483	14.931344000000001
4.2931931931931935	7.077600000000901	0.9396399999999999	615.8379520004519	13.755744
4.299099099099099	7.071680000000892	0.9395600000000001	634.0093952004645	14.019344
4.305005005005005	7.067200000000912	0.93866	650.8431360004691	14.666484000000002
4.310910910910911	7.063840000000899	0.93834	597.8659328004329	13.604244
4.316816816816817	7.1011200000009165	0.94086	607.9055872004461	13.708884
4.322722722722722	7.071040000000915	0.9382799999999999	637.3490688004448	14.709696000000003
4.328628628628628	7.094400000000915	0.9401799999999999	629.6289280004552	14.375876000000002
4.3345345345345345	7.079680000000913	0.9394399999999999	643.0072832004515	14.414063999999998
4.340440440440441	7.05840000000093	0.9382	668.8954880004574	14.9092
4.346346346346346	7.0808000000009095	0.9402	638.2645760004635	14.179839999999999
4.352252252252252	7.0756800000009	0.9389	647.9155712004704	14.927620000000001
4.358158158158158	7.089120000000902	0.9394399999999999	600.1777152004421	13.971503999999998
4.364064064064064	7.084800000000892	0.9401799999999999	631.770112000459	14.040036
4.3699699699699694	7.088800000000929	0.9407200000000001	640.0719360004463	14.089696000000002
4.375875875875876	7.118720000000915	0.9417	593.9607552004263	13.434339999999999
4.381781781781782	7.111040000000893	0.9412799999999999	602.8392448004506	13.745616
4.387687687687688	7.100960000000914	0.9407399999999999	612.8921088004327	13.902003999999998
4.393593593593593	7.081920000000899	0.93958	654.9686272004967	14.853636000000002
4.399499499499499	7.065280000000884	0.93926	655.6649472004808	14.411364
4.405405405405405	7.0654400000009145	0.9384399999999999	632.0613888004322	14.332704000000001
4.411311311311311	7.0713600000009125	0.93942	638.5451008004381	14.230356
4.4172172172172175	7.07504000000093	0.93852	636.8516608004333	14.718256
4.423123123123123	7.054720000000889	0.93816	679.2189952004927	15.242463999999998
4.429029029029029	7.075840000000896	0.93904	619.6594688004525	14.058544
4.434934934934935	7.097120000000931	0.9401200000000001	640.7537152004371	14.751375999999999
4.440840840840841	7.0587200000009105	0.93814	644.5660672004439	14.533924000000003
4.446746746746746	7.064640000000904	0.9385399999999999	675.1244288004749	15.277764000000001
4.452652652652652	7.0824000000009155	0.93978	608.7293440004298	13.889076000000001
4.4585585585585585	7.0795200000009135	0.93906	696.2964992004967	15.922483999999999
4.464464464464465	7.1004800000009105	0.94104	611.9944192004283	13.624623999999999
4.47037037037037	7.067840000000898	0.93848	644.912332800471	14.927616
4.476276276276276	7.07312000000092	0.9386200000000001	654.3186432004507	15.020356
4.482182182182182	7.07024000000089	0.93848	625.1586048004809	14.293936000000002
4.488088088088088	7.053120000000896	0.9376200000000001	666.8716032004643	15.240276000000001
4.4939939939939935	7.060960000000901	0.93876	645.9212288004577	14.299264
4.4998998998999	7.056960000000914	0.93758	658.3564288004578	15.012356
4.505805805805806	7.051680000000893	0.9375	665.1023872004689	15.2765
4.511711711711712	7.073600000000896	0.9393600000000001	630.560768000447	14.054063999999999
4.517617617617617	7.092000000000922	0.94094	667.2069120004854	14.609763999999998
4.523523523523523	7.112960000000909	0.9417399999999999	632.2710528004671	14.238403999999997
4.529429429429429	7.072640000000914	0.9380799999999999	640.5203968004525	15.100895999999999
4.535335335335335	7.084640000000907	0.9394	646.0226048004689	14.820720000000001
4.5412412412412415	7.086080000000907	0.9399200000000001	623.6598272004466	14.043215999999997
4.547147147147147	7.0371200000008995	0.9367	694.8810752005022	15.5361
4.553053053053053	7.1332800000009255	0.9429	598.7717632004563	13.61418
4.558958958958959	7.0600000000008905	0.93848	659.0251520004825	14.643215999999997
4.564864864864865	7.070880000000919	0.93894	645.9894272004439	14.517444
4.57077077077077	7.054080000000889	0.9374600000000001	676.5279232004704	15.406483999999999
4.576676676676676	7.0657600000009015	0.93796	635.414988800443	14.762224
4.5825825825825826	7.110560000000929	0.94114	572.6632448003985	13.061684
4.588488488488489	7.0184000000008835	0.9357200000000001	685.017344000499	15.462976000000001
4.594394394394394	7.067360000000891	0.9387	647.3722368004802	14.673779999999999
4.6003003003003	7.0270400000008975	0.93584	712.4177408005013	16.072944
4.606206206206206	7.061280000000896	0.9380200000000001	667.0940672004814	15.400436000000001
4.612112112112112	7.080800000000919	0.9395	643.078400000438	14.548820000000001
4.6180180180180175	7.031200000000896	0.9365	701.1033600004871	15.73538
4.623923923923924	7.025440000000885	0.9358799999999999	703.217100800505	15.944656
4.62982982982983	7.067520000000901	0.9388799999999999	667.6723712004867	14.941536
4.635735735735736	7.080160000000915	0.9386399999999999	604.5895168004243	14.194544
4.641641641641642	7.079840000000892	0.94	645.3109248004895	14.357120000000002
4.647547547547547	7.1003200000009095	0.94106	635.9071232004494	14.310724000000002
4.653453453453453	7.039680000000893	0.9362	663.2384512004603	15.475760000000001
4.659359359359359	7.024800000000886	0.9359799999999999	685.0572800004928	15.398275999999997
4.6652652652652655	7.068320000000914	0.9389200000000001	655.5822592004545	14.906416
4.671171171171171	7.0763200000009165	0.9389	638.8716032004429	14.470979999999999
4.677077077077077	7.088160000000916	0.9402799999999999	631.3333248004556	14.155936000000002
4.682982982982983	7.052320000000905	0.9378200000000001	667.6767232004839	14.974036000000002
4.688888888888889	7.063680000000898	0.93842	654.7996672004688	14.684196
4.694794794794794	7.0752000000008906	0.9391799999999999	646.0979200004765	14.612996000000003
4.7007007007007005	7.0558400000009005	0.9379200000000001	661.9806208004604	14.993776
4.706606606606607	7.0651200000009045	0.9389200000000001	639.2556032004537	14.119295999999999
4.712512512512513	7.043040000000887	0.93666	692.5275648004742	15.809844
4.718418418418418	7.029280000000874	0.93676	664.5156352005167	14.745824000000002
4.724324324324324	7.129920000000918	0.94268	580.3558912004379	13.156096000000002
4.73023023023023	7.011040000000883	0.9349200000000001	720.9527808005064	16.413856
4.736136136136136	7.049920000000893	0.93734	670.4197632004647	15.157764000000002
4.7420420420420415	7.027520000000903	0.9363	711.7074432004721	15.8617
4.747947947947948	7.037760000000888	0.93684	679.8092288004831	15.288703999999997
4.753853853853854	7.02656000000088	0.9366	740.1115648005413	16.40288
4.75975975975976	7.0654400000009066	0.9386399999999999	645.4819328004567	14.515503999999998
4.765665665665666	7.047840000000878	0.93722	659.1595008004723	15.071875999999998
4.771571571571571	6.9972800000008935	0.934	759.6780032005145	17.14336
4.777477477477477	7.031200000000899	0.9364600000000001	690.8551680004804	15.488563999999998
4.783383383383383	7.0761600000009	0.9394	671.9449088004756	15.269039999999999
4.7892892892892895	7.1347200000009305	0.94296	588.9411072004226	13.348223999999998
4.795195195195195	7.0590400000009	0.93842	665.7499648004726	14.802996000000002
4.801101101101101	7.061760000000909	0.9380799999999999	634.2729728004566	14.554096
4.807007007007007	7.030240000000891	0.93622	706.8912128004856	16.054436
4.812912912912913	7.039200000000897	0.93652	697.7303040005194	15.892096000000002
4.818818818818818	7.042720000000908	0.9374	671.2648192004688	15.08032
4.8247247247247245	7.073120000000883	0.93914	612.1943552004594	13.758484
4.830630630630631	7.043840000000899	0.9371799999999999	677.7376768004701	15.171076000000001
4.836536536536537	7.020480000000884	0.93558	735.0433792005346	16.391636
4.842442442442442	7.046880000000898	0.9376	653.0324992004723	14.422479999999998
4.848348348348348	7.031040000000886	0.9360200000000001	701.2814848005098	15.861715999999998
4.854254254254254	7.078080000000911	0.93948	647.7955072004585	14.595536
4.86016016016016	7.027680000000893	0.9359799999999999	681.1279872004981	15.376836
4.8660660660660655	7.053600000000908	0.938	655.1646720004541	14.994320000000002
4.871971971971972	7.032640000000897	0.9360799999999999	684.0895488004701	15.574976000000001
4.877877877877878	7.037600000000896	0.9357	672.5224960004784	15.69426
4.883783783783784	7.088000000000922	0.9393600000000001	638.0339200004368	14.722223999999999
4.88968968968969	7.008160000000894	0.93424	737.1739648005108	16.953263999999997
4.895595595595595	7.06448000000091	0.9384600000000001	656.9134592004624	15.002163999999999
4.901501501501501	7.069280000000891	0.93922	633.8570752004806	14.070436
4.907407407407407	7.0441600000008835	0.9370799999999999	692.2938368005011	15.693216
4.913313313313314	7.081280000000891	0.9391200000000001	639.3208832004741	14.818176000000001
4.919219219219219	7.045120000000898	0.9366399999999999	718.9194752005178	16.413504
4.925125125125125	7.038880000000878	0.9364	685.9428352005023	15.769520000000002
4.931031031031031	7.01344000000089	0.9343600000000001	692.6235648004778	16.308784000000003
4.936936936936937	7.063360000000894	0.93886	656.6064128004897	14.442803999999997
4.942842842842842	7.048800000000888	0.93716	724.3747840005348	16.444224
4.9487487487487485	7.0336000000008845	0.9362799999999999	700.0227840004943	16.036016
4.954654654654655	7.069760000000891	0.9379	646.0940288004813	15.1653
4.960560560560561	7.087840000000893	0.9403600000000001	643.0786048004763	14.095344
4.966466466466466	7.0203200000008925	0.9359	736.6410752005129	16.3633
4.972372372372372	7.019040000000884	0.93506	725.8782208005185	16.477284
4.978278278278278	7.0595200000009015	0.93814	676.4695552004836	15.281284
4.984184184184184	7.029920000000895	0.9361799999999999	662.7318272004711	14.976756
4.99009009009009	7.052480000000888	0.93824	679.5497472004911	15.105824000000002
4.995995995995996	6.988320000000858	0.93332	747.1309312005417	17.036096
5.001901901901902	7.041760000000885	0.9368200000000001	692.6965248005	15.638596000000001
5.007807807807808	7.0390400000008935	0.9369200000000001	694.3182848004906	15.748496
5.013713713713714	7.061600000000911	0.93848	674.8090880004562	15.224336
5.019619619619619	7.025760000000895	0.93558	714.0131328004934	16.274995999999998
5.025525525525525	7.019200000000877	0.9350200000000001	734.3083520005446	16.889876
5.0314314314314315	7.068640000000904	0.9388	609.0807808004381	13.85104
5.037337337337338	7.039840000000904	0.93648	684.3929088004921	15.718656
5.043243243243243	7.099200000000909	0.94052	625.6619520004526	14.243616000000001
5.049149149149149	7.016160000000893	0.9351200000000001	704.5943808005072	16.056096
5.055055055055055	7.029920000000886	0.9357200000000001	685.326387200497	15.716815999999998
5.060960960960961	7.065120000000921	0.93852	670.934067200454	15.203135999999999
5.066866866866866	7.030400000000891	0.93584	738.9757440005096	16.869103999999997
5.0727727727727725	7.036960000000894	0.9360200000000001	666.5906688004629	15.508756
5.078678678678679	7.0604800000009105	0.93776	622.2211072004251	14.356623999999998
5.084584584584585	7.010080000000884	0.9347	727.3155072005349	16.60138
5.09049049049049	7.025120000000864	0.93576	701.7492992005166	15.976863999999999
5.096396396396396	7.019040000000896	0.9349799999999999	727.6149248005048	16.526676
5.102302302302302	7.025760000000885	0.93584	710.4793088005177	16.357744
5.108208208208208	7.0344000000008995	0.9368799999999999	682.9416960004559	15.173616
5.114114114114114	7.031200000000894	0.9361200000000001	707.3681920004826	16.141216
5.12002002002002	6.99568000000088	0.9335600000000001	736.0358912005221	17.059344
5.125925925925926	7.041120000000899	0.9372	713.254963200509	15.8748
5.131831831831832	7.051520000000909	0.9371799999999999	687.004467200477	15.939556
5.137737737737738	7.059520000000889	0.93896	702.0470272005166	15.351184
5.143643643643643	7.031040000000886	0.9361200000000001	678.407372800472	15.392815999999998
5.149549549549549	7.040960000000896	0.93658	671.3806848004638	15.440436000000002
5.1554554554554555	7.016800000000878	0.93568	716.6794240005195	15.964176
5.161361361361362	7.038080000000899	0.9375	710.7141632005008	15.7065
5.167267267267267	7.035680000000897	0.9370799999999999	705.7326592004912	15.562736
5.173173173173173	7.057600000000906	0.93842	680.3425280004703	15.241235999999999
5.179079079079079	7.022720000000887	0.9365399999999999	742.0567552005232	16.249364
5.184984984984985	7.007680000000876	0.9349	721.3443072005082	16.285220000000002
5.19089089089089	7.042880000000887	0.9373600000000001	682.416947200506	15.348144
5.1967967967967965	7.01184000000088	0.9350799999999999	712.5751808004992	16.088335999999998
5.202702702702703	7.013600000000896	0.9353	716.7316480005024	16.0465
5.208608608608609	6.995680000000895	0.9333600000000001	752.5591552005143	17.310783999999998
5.214514514514514	7.004160000000881	0.93494	728.075468800544	16.085924
5.22042042042042	7.0953600000009	0.9401799999999999	621.1739648004657	14.238275999999997
5.226326326326326	7.001280000000892	0.93406	755.0830592005284	17.280004
5.232232232232232	7.025280000000884	0.9355	724.2821632005043	16.65322
5.2381381381381384	6.988800000000905	0.93358	747.9982080004986	16.756756
5.244044044044044	7.065280000000896	0.93826	687.1959552005001	15.741684
5.24994994994995	7.027520000000887	0.93606	729.2997632005155	16.462484
5.255855855855856	7.0403200000008965	0.93724	670.6604032004674	15.087663999999998
5.261761761761762	7.039680000000869	0.9371	680.0689152005009	15.27946
5.267667667667667	6.993920000000877	0.9340799999999999	775.9982592005359	17.192815999999997
5.273573573573573	7.009120000000897	0.9346	732.7836672005027	16.70184
5.2794794794794795	7.060000000000897	0.9376200000000001	671.9521280004809	15.668276
5.285385385385386	7.102880000000927	0.9405399999999999	600.5473792004266	13.968163999999998
5.291291291291291	7.056160000000901	0.938	701.8439168005024	15.6192
5.297197197197197	7.043840000000912	0.93676	663.570636800458	15.508303999999997
5.303103103103103	7.020640000000893	0.9349	724.013516800491	16.855220000000003
5.309009009009009	6.993760000000879	0.93406	724.3719168005216	16.308723999999998
5.314914914914914	7.009600000000892	0.93514	713.2712960004995	15.806644
5.3208208208208205	7.030560000000869	0.93678	679.4654208005217	14.995075999999996
5.326726726726727	7.026240000000902	0.93606	712.0058368004836	16.048084
5.332632632632633	7.003520000000883	0.9343600000000001	759.9921152005401	17.141344
5.338538538538539	7.013600000000903	0.93568	689.3488640004872	15.113456
5.344444444444444	6.987360000000872	0.93284	759.1008768005349	17.378944
5.35035035035035	7.039200000000897	0.93752	698.4184320004941	15.317536000000002
5.356256256256256	6.9814400000008945	0.9327200000000001	734.30753280053	16.721776000000002
5.3621621621621625	7.050240000000893	0.93742	659.5596288004715	15.008116000000001
5.368068068068068	7.016320000000895	0.9350799999999999	712.6362112005041	16.233856
5.373973973973974	6.992320000000885	0.93332	722.2536192005016	16.684416
5.37987987987988	7.075360000000923	0.9384	653.8101248004454	15.274
5.385785785785786	7.020640000000892	0.9347	740.4016128005089	17.32026
5.391691691691691	7.044320000000904	0.9370799999999999	700.1969152004923	15.817936000000001
5.397597597597597	7.0508800000009	0.9379	680.2153472005058	15.208739999999999
5.4035035035035035	7.010400000000873	0.935	746.5556480005312	16.906879999999997
5.40940940940941	7.045760000000887	0.93694	691.3374208004976	15.962403999999998
5.415315315315315	7.046400000000905	0.9368200000000001	713.2794880004855	16.365315999999996
5.421221221221221	7.016320000000882	0.93486	712.7058432004985	16.392163999999998
5.427127127127127	6.986720000000876	0.93316	745.7075712005214	17.089664
5.433033033033033	7.0259200000008715	0.93622	698.8337152005124	15.592356
5.438938938938938	7.020640000000877	0.9354600000000001	761.6793088005403	17.328804
5.4448448448448445	7.017120000000883	0.93558	724.4646912005094	16.319396
5.450750750750751	7.00384000000087	0.9339	722.625740800528	16.71746
5.456656656656657	7.055040000000874	0.93748	671.7872128005067	14.988256
5.462562562562563	7.002240000000893	0.93504	754.3277568005199	16.521504
5.468468468468468	6.990560000000871	0.9327200000000001	787.5475968005516	18.190576
5.474374374374374	7.031360000000881	0.9360799999999999	699.0727168004894	16.027136
5.48028028028028	7.014080000000894	0.93534	714.7128832004934	15.862963999999998
5.4861861861861865	7.004480000000875	0.9349	748.203827200516	16.789379999999998
5.492092092092092	6.979040000000854	0.9327	782.1091328005718	17.69866
5.497997997997998	7.012960000000867	0.9349799999999999	728.3091968005155	16.582596000000002
5.503903903903904	7.031840000000892	0.93606	715.0084608005037	16.333444
5.50980980980981	7.012640000000885	0.9354399999999999	726.5929728004883	16.157744
5.515715715715715	6.997440000000899	0.93358	768.6238208005276	17.695956
5.521621621621621	6.9940800000008725	0.93368	776.5361152005624	17.658496000000003
5.5275275275275275	7.0395200000008975	0.9362799999999999	685.4144512004762	15.774816
5.533433433433434	7.017920000000908	0.9349200000000001	707.6329472004962	16.484096
5.539339339339339	7.01552000000088	0.9348200000000001	676.5947392004701	15.604116000000001
5.545245245245245	6.98688000000089	0.93334	772.0640512005242	17.470883999999998
5.551151151151151	6.993280000000872	0.9335399999999999	750.0685312005369	17.188803999999998
5.557057057057057	7.027200000000901	0.9363	686.8357120004737	15.432020000000001
5.562962962962962	6.9867200000008784	0.93366	744.0804352005093	16.466244
5.568868868868869	7.015520000000894	0.9348200000000001	712.0179712005004	16.592115999999997
5.574774774774775	7.081120000000897	0.9395	657.5268352004582	14.81434
5.580680680680681	7.02320000000089	0.93578	716.6845440004936	16.215235999999997
5.586586586586587	7.033120000000888	0.93568	687.5597312004791	16.049056
5.592492492492492	7.03056000000088	0.9359	734.3036928005276	16.99514
5.598398398398398	7.005920000000898	0.93452	737.5483392005224	16.544416000000002
5.604304304304304	7.020320000000912	0.93532	744.1766912004946	16.746015999999997
5.6102102102102105	7.014560000000887	0.9346200000000001	727.098828800527	16.781396
5.616116116116116	6.992160000000874	0.9338200000000001	756.9914368005412	16.963716
5.622022022022022	6.997920000000886	0.9338799999999999	733.7953792005031	16.788815999999997
5.627927927927928	7.032800000000882	0.93606	688.7242240004949	15.695124
5.633833833833834	7.037440000000863	0.9368	698.0579328005289	15.825679999999998
5.639739739739739	7.0284800000009025	0.9358799999999999	701.4510592004785	16.029536
5.645645645645645	7.008800000000893	0.9344399999999999	741.2666880005145	17.036784
5.6515515515515515	7.030080000000887	0.9361200000000001	692.502323200486	15.764336000000002
5.657457457457458	7.010400000000887	0.93424	714.9795840005207	16.755024
5.663363363363363	7.026080000000906	0.93568	672.7014912004732	15.526816
5.669269269269269	7.029440000000873	0.93622	684.5278208005133	15.426356
5.675175175175175	7.0084800000008745	0.9353	775.9268352005533	17.271620000000002
5.681081081081081	7.007520000000875	0.9351799999999999	742.7830272005393	16.383716
5.686986986986987	7.008800000000867	0.9346	725.3045760005355	16.33936
5.692892892892893	7.016800000000902	0.93516	714.5648640004897	16.085584000000004
5.698798798798799	7.005600000000881	0.9346200000000001	733.6092160004982	16.652676
5.704704704704705	6.999520000000884	0.93422	724.1441792004979	16.391956
5.710610610610611	7.03808000000088	0.9366	694.3475712004872	15.675839999999999
5.716516516516516	7.058240000000878	0.9379	685.6818688005088	15.51418
5.722422422422422	6.9585600000008725	0.9317200000000001	837.1440128005743	18.776335999999997
5.728328328328328	7.003360000000905	0.93466	746.7063808004831	16.726163999999997
5.7342342342342345	6.998720000000886	0.93474	776.3064832005383	17.169284
5.74014014014014	7.006880000000885	0.93468	729.5683072005191	16.378576000000002
5.746046046046046	6.991200000000873	0.93342	758.0541440005519	17.455716
5.751951951951952	6.98736000000089	0.9339	743.3835008005196	16.49842
5.757857857857858	7.013440000000887	0.934	703.034572800481	16.7104
5.763763763763763	6.988800000000886	0.933	748.9710080005005	17.260479999999998
5.769669669669669	6.989440000000902	0.9327	756.7556608005065	17.507460000000002
5.7755755755755755	7.006720000000889	0.93358	738.6662912005164	17.321716
5.781481481481482	7.052160000000904	0.9378	711.2818688005134	15.86064
5.787387387387387	6.988480000000875	0.9337799999999999	768.8855552005174	17.247476000000002
5.793293293293293	7.025280000000901	0.9361	714.1363712005008	15.84554
5.799199199199199	6.962400000000865	0.93156	773.4776320005451	17.563824
5.805105105105105	6.995040000000884	0.9338	787.5506688005437	17.76576
5.811011011011011	7.0086400000008915	0.9344	743.5890688005229	17.04768
5.816916916916917	7.051520000000876	0.93686	694.6516992005074	16.100004
5.822822822822823	7.009920000000901	0.93514	771.239731200516	17.180564
5.828728728728729	6.957760000000851	0.9309799999999999	810.1890048005753	18.552515999999997
5.834634634634635	7.013600000000881	0.9355399999999999	777.3432320005612	17.244004
5.84054054054054	7.016800000000905	0.93448	736.026880000499	17.335936
5.846446446446446	7.015040000000888	0.9354399999999999	744.4482048005142	16.631584
5.852352352352352	6.997920000000879	0.93374	736.4710912005305	16.867283999999998
5.8582582582582585	6.997120000000884	0.93404	782.7607552005395	17.754863999999998
5.864164164164164	7.017600000000882	0.9347799999999999	702.4711680004878	16.197956
5.87007007007007	7.0075200000008895	0.9338	727.9186432004988	17.18768
5.875975975975976	7.020480000000903	0.9349799999999999	715.1347712004755	16.589956
5.881881881881882	6.979520000000889	0.93258	761.4687232005102	17.269076
5.887787787787787	7.0216000000008965	0.9356399999999999	759.4754560005058	17.248303999999997
5.8936936936936934	7.02512000000088	0.9359	700.4017152005068	15.955860000000001
5.8995995995996	6.993440000000875	0.9343	732.0099328005144	16.34666
5.905505505505506	7.0116800000008785	0.9346	723.0730752004828	16.694879999999998
5.911411411411411	6.965760000000875	0.9319	840.7922688005713	19.02522
5.917317317317317	6.991680000000857	0.93348	742.3096832005484	16.819215999999997
5.923223223223223	7.002400000000889	0.9333600000000001	738.5049600005215	17.265024
5.929129129129129	6.998240000000856	0.93468	745.2963328005442	16.544335999999998
5.935035035035035	6.984160000000872	0.93248	767.3625088005239	17.948256
5.940940940940941	6.995520000000906	0.9333799999999999	754.8219392005033	17.450115999999998
5.946846846846847	7.036960000000865	0.9362	671.7168128004943	15.555439999999999
5.952752752752753	7.00512000000087	0.9349	748.6472192005269	16.71274
5.958658658658659	6.953120000000869	0.9308200000000001	793.8703872005418	18.290756
5.964564564564564	7.000320000000893	0.93396	749.2974592005114	17.010784
5.97047047047047	7.011200000000875	0.9347	733.7902080005225	16.79802
5.976376376376376	7.002400000000877	0.9340799999999999	734.4345600005115	16.765616
5.9822822822822825	6.987200000000875	0.9334399999999999	776.8647680005273	17.471824
5.988188188188188	6.970240000000862	0.9326200000000001	761.2694528005503	17.022916
5.994094094094094	6.989280000000874	0.93366	746.4724992005264	16.913284
6.0	7.008000000000883	0.93474	715.3807360004981	16.205524
