Temperature	Energy	Magnetization	Specific heat	Susceptibility
0.1	8.0	1.0	0.0	0.0
0.10590590590590591	8.0	1.0	0.0	0.0
0.11181181181181182	8.0	1.0	0.0	0.0
0.11771771771771772	8.0	1.0	0.0	0.0
0.12362362362362363	8.0	1.0	0.0	0.0
0.12952952952952954	8.0	1.0	0.0	0.0
0.13543543543543546	8.0	1.0	0.0	0.0
0.14134134134134135	8.0	1.0	0.0	0.0
0.14724724724724725	8.0	1.0	0.0	0.0
0.15315315315315317	8.0	1.0	0.0	0.0
0.15905905905905907	8.0	1.0	0.0	0.0
0.164964964964965	8.0	1.0	0.0	0.0
0.17087087087087088	8.0	1.0	0.0	0.0
0.17677677677677678	8.0	1.0	0.0	0.0
0.18268268268268267	8.0	1.0	0.0	0.0
0.1885885885885886	8.0	1.0	0.0	0.0
0.19449449449449452	8.0	1.0	0.0	0.0
0.2004004004004004	8.0	1.0	0.0	0.0
0.2063063063063063	8.0	1.0	0.0	0.0
0.2122122122122122	8.0	1.0	0.0	0.0
0.21811811811811813	8.0	1.0	0.0	0.0
0.22402402402402405	8.0	1.0	0.0	0.0
0.22992992992992994	8.0	1.0	0.0	0.0
0.23583583583583584	8.0	1.0	0.0	0.0
0.24174174174174176	8.0	1.0	0.0	0.0
0.24764764764764766	8.0	1.0	0.0	0.0
0.2535535535535536	8.0	1.0	0.0	0.0
0.2594594594594595	8.0	1.0	0.0	0.0
0.26536536536536537	8.0	1.0	0.0	0.0
0.27127127127127126	8.0	1.0	0.0	0.0
0.27717717717717716	7.999872	0.999992	0.0	0.0
0.2830830830830831	8.0	1.0	0.0	0.0
0.288988988988989	7.999872	0.999992	0.0	0.0
0.2948948948948949	8.0	1.0	0.0	0.0
0.30080080080080085	8.0	1.0	0.0	0.0
0.30670670670670674	8.0	1.0	0.0	0.0
0.31261261261261264	7.999872	0.999992	0.0	0.0
0.31851851851851853	7.999488	0.999968	0.0	0.0
0.32442442442442443	7.999872	0.999992	0.0	0.0
0.3303303303303303	7.999872	0.999992	0.0	0.0
0.3362362362362362	7.999616	0.999976	0.0	0.0
0.34214214214214217	7.99950336	0.99996896	0.00021626880000000007	1.6896000000000005e-06
0.34804804804804806	7.999744	0.999984	0.0	0.0
0.353953953953954	7.99985152	0.99999072	0.0002752512	2.1504e-06
0.3598598598598599	7.999488	0.999968	0.0	0.0
0.3657657657657658	7.99931392	0.99995712	0.00047185920000000005	3.6864000000000004e-06
0.3716716716716717	7.999320320000001	0.99995752	0.0004380672000000002	3.4224000000000017e-06
0.3775775775775776	7.999232	0.999952	0.0	0.0
0.3834834834834835	7.99894016	0.99993376	0.00041287680000000007	3.2256000000000005e-06
0.3893893893893894	7.998976	0.999936	0.0	0.0
0.3952952952952953	7.998429440000001	0.9999018399999999	0.00040366080000000013	3.153599999999999e-06
0.4012012012012012	7.9982527999999995	0.9998868000000001	0.00026111999999999994	2.0399999999999995e-06
0.4071071071071072	7.9971072	0.9998151999999999	0.00018431999999999986	1.44e-06
0.4130130130130131	7.99814528	0.99988008	0.0019044352000000006	1.4878399999999995e-05
0.41891891891891897	7.9980198399999995	0.99987224	0.0004282368000000001	3.3456000000000006e-06
0.42482482482482486	7.99775232	0.99985552	0.0008937472000000001	6.982400000000001e-06
0.43073073073073076	7.996889599999999	0.9998056	0.0009625599999999997	7.5199999999999975e-06
0.43663663663663665	7.99696768	0.99981048	0.00043806720000000017	3.4224000000000013e-06
0.44254254254254255	7.99644928	0.99977008	0.0003940352000000001	3.078400000000001e-06
0.44844844844844844	7.99781888	0.99986336	3.768319999999999e-05	1.1775999999999997e-06
0.45435435435435434	7.99650176	0.99978136	0.0006985727999999997	5.4575999999999975e-06
0.46026026026026023	7.99347328	0.99958008	0.0015767552000000003	1.2318399999999992e-05
0.46616616616616624	7.99504512	0.9996903199999999	0.0005445632000000001	4.2544e-06
0.47207207207207214	7.99293312	0.99955432	0.00042168320000000024	3.2944000000000006e-06
0.47797797797797803	7.992144639999999	0.9995090400000001	0.0012146688000000004	9.489600000000003e-06
0.4838838838838839	7.9935513600000005	0.99958496	0.0026738688000000005	2.08896e-05
0.4897897897897898	7.9905472	0.9993968000000001	0.004142080000000001	2.9759999999999986e-05
0.4956956956956957	7.9891168	0.99929128	0.0020825599999999994	1.6670400000000002e-05
0.5016016016016016	7.98762368	0.99919216	0.0015849471999999996	2.3033599999999992e-05
0.5075075075075075	7.9911603200000005	0.9994379200000001	0.0008323072000000002	6.2784e-06
0.5134134134134134	7.98562304	0.99907744	0.008023244799999999	6.268160000000002e-05
0.5193193193193193	7.984248320000001	0.9990004	0.0010883072	1.0039999999999997e-05
0.5252252252252253	7.98555776	0.99907336	0.0006166527999999999	4.817599999999999e-06
0.5311311311311312	7.98100608	0.99880088	0.0009377791999999999	7.326399999999999e-06
0.5370370370370371	7.97992704	0.99871296	0.0023707648000000007	2.6649600000000007e-05
0.542942942942943	7.9793408	0.99867648	0.00290816	2.3142399999999997e-05
0.5488488488488489	7.9773248	0.99853216	0.00338432	4.7193600000000015e-05
0.5547547547547548	7.975641599999999	0.99844088	0.0027750399999999995	2.5246399999999993e-05
0.5606606606606607	7.97448192	0.9983454399999999	0.004260659199999999	3.69216e-05
0.5665665665665666	7.9741312	0.9983272	0.0058368000000000005	4.5600000000000004e-05
0.5724724724724725	7.96713664	0.9978476	0.0039269888000000005	3.051999999999999e-05
0.5783783783783784	7.96743616	0.99788368	0.005721036800000002	5.805440000000001e-05
0.5842842842842844	7.961440639999999	0.99749664	0.003701708799999999	3.125759999999999e-05
0.5901901901901903	7.958159360000001	0.99729032	0.0031141887999999998	2.8894400000000002e-05
0.5960960960960962	7.96112768	0.99752136	0.006111027200000001	6.849759999999998e-05
0.602002002002002	7.958390400000001	0.9972810400000001	0.01987968	0.00021684960000000004
0.6079079079079079	7.95777216	0.9972472800000001	0.0038573567999999996	2.787039999999999e-05
0.6138138138138138	7.94484672	0.99638768	0.022639155200000004	0.00014125439999999997
0.6197197197197197	7.947574400000001	0.9965644	0.007151359999999999	6.155999999999999e-05
0.6256256256256256	7.93880704	0.99602432	0.0328501248	0.0003369344
0.6315315315315315	7.938272	0.99590448	0.01324544	0.00010266240000000004
0.6374374374374374	7.93493632	0.99574368	0.005762867200000001	4.54144e-05
0.6433433433433433	7.93258112	0.99560976	0.003667763200000001	3.12256e-05
0.6492492492492492	7.925358719999999	0.99511736	0.01729387520000001	0.00010337760000000001
0.6551551551551552	7.91670656	0.99446504	0.0105207808	5.460959999999999e-05
0.6610610610610611	7.91471808	0.9944144	0.008370739200000001	9.408e-05
0.666966966966967	7.91113984	0.9940844	0.0206163968	0.00018732
0.6728728728728729	7.9084768	0.99398456	0.00575872	5.384160000000001e-05
0.6787787787787788	7.89931904	0.99327584	0.034416844800000006	0.0004801536000000001
0.6846846846846847	7.8969792000000005	0.99306872	0.0096512	7.139040000000002e-05
0.6905905905905906	7.887614719999999	0.99237576	0.004935475199999999	5.710560000000001e-05
0.6964964964964965	7.89229952	0.99272008	0.021989171199999994	0.00025551839999999996
0.7024024024024024	7.87269568	0.99154248	0.0062223872	0.00013462239999999996
0.7083083083083083	7.87809472	0.99195024	0.0822871552	0.0007368256
0.7142142142142143	7.86419776	0.9909263199999999	0.04513889279999999	0.0005680944
0.7201201201201202	7.85506368	0.9902663199999999	0.014352947199999997	0.00016297439999999995
0.7260260260260261	7.8460518399999994	0.98968072	0.055227596800000014	0.0007475503999999997
0.731931931931932	7.8462457599999995	0.9895004000000001	0.022539212799999996	0.00029932
0.7378378378378379	7.83559872	0.98894728	0.0072381952	5.347040000000001e-05
0.7437437437437437	7.82818816	0.98842288	0.008092876800000003	8.89664e-05
0.7496496496496496	7.803296639999999	0.9866014399999999	0.07182842880000001	0.0008865215999999997
0.7555555555555555	7.80703296	0.9868018399999999	0.015727564799999996	0.00012475359999999995
0.7614614614614614	7.79999232	0.98630576	0.07135518719999999	0.0008689856
0.7673673673673673	7.79541248	0.98598736	0.0361459712	0.0005869375999999998
0.7732732732732733	7.7824384	0.98498	0.016332799999999998	0.00021168
0.7791791791791792	7.75937728	0.9833396	0.034875955199999996	0.00026316
0.7850850850850851	7.76411008	0.98374072	0.1554696192	0.0010621103999999997
0.790990990990991	7.745433599999999	0.98242624	0.1342464	0.0014739455999999993
0.7968968968968969	7.74171968	0.9819429599999999	0.0158991872	0.00013972960000000002
0.8028028028028028	7.73022592	0.98118216	0.014638899200000003	0.00015707359999999997
0.8087087087087087	7.7134176	0.9801084	0.028727040000000002	0.0002766
0.8146146146146146	7.69360896	0.97814488	0.022564044799999995	0.00041500639999999986
0.8205205205205205	7.69887872	0.9786634399999999	0.018042675200000004	0.0003104816000000001
0.8264264264264264	7.68844608	0.978062	0.04770257919999998	0.00036108
0.8323323323323324	7.6665376	0.97674464	0.02393472	0.00014869760000000006
0.8382382382382383	7.65328704	0.97560016	0.010720204799999997	0.0001964736
0.8441441441441442	7.634155519999999	0.97374872	0.03468165119999999	0.00048483040000000014
0.8500500500500501	7.62577088	0.9732755200000001	0.08094776319999998	0.0005732223999999999
0.855955955955956	7.62219136	0.97288608	0.06925946879999997	0.00039107839999999997
0.8618618618618619	7.61082432	0.9720108000000001	0.025729587200000004	0.00036492
0.8677677677677678	7.586690559999999	0.97012128	0.038235340799999996	0.0003727104000000001
0.8736736736736737	7.5560384	0.96781024	0.03260928	0.00037826560000000007
0.8795795795795796	7.56945088	0.9686524	0.022753843200000002	0.00022443999999999996
0.8854854854854856	7.5487072	0.9671879200000001	0.1703360000000001	0.0022961583999999997
0.8913913913913915	7.52071424	0.9650012	0.0451760128	0.0003569199999999999
0.8972972972972973	7.50576	0.96390632	0.17930752	0.003026654400000001
0.9032032032032032	7.48439104	0.96214264	0.04952980480000001	0.0004816175999999998
0.9091091091091091	7.464594559999999	0.9607736	0.3756471808	0.003590559999999999
0.915015015015015	7.47015168	0.96096088	0.15513886720000003	0.0015887664000000003
0.9209209209209209	7.46452224	0.9607315200000001	0.05032673279999999	0.0005796223999999998
0.9268268268268268	7.43483904	0.95801032	0.07780884479999998	0.0011911343999999999
0.9327327327327327	7.3904255999999995	0.95403272	0.27175936	0.002854430399999999
0.9386386386386386	7.3732864000000005	0.95307328	0.12995584	0.002104550399999999
0.9445445445445446	7.3587456	0.9512029599999999	0.24792064000000003	0.003368529600000001
0.9504504504504505	7.33802688	0.95021	0.0539141632	0.00049228
0.9563563563563564	7.33540608	0.94966888	0.35658833920000005	0.0010140464
0.9622622622622623	7.309844480000001	0.947614	0.0420237312	0.00112876
0.9681681681681682	7.287901440000001	0.9457395200000001	0.12742062080000002	0.0005578623999999998
0.9740740740740741	7.28094848	0.94518936	0.24805765119999995	0.0019977776
0.97997997997998	7.25626368	0.9432539200000001	0.13391134720000003	0.003813318400000001
0.9858858858858859	7.23471232	0.94134392	0.036349747200000004	0.00034127839999999995
0.9917917917917918	7.23254848	0.94121088	0.0271283712	0.0007636863999999998
0.9976976976976977	7.2000256	0.9382412	0.46503935999999985	0.0049806
1.0036036036036038	7.14680192	0.93400224	0.1279342592	0.0009635455999999998
1.0095095095095097	7.14525888	0.93356144	0.025958963199999994	0.0003806016
1.0154154154154156	7.13372032	0.93237288	0.6713526272000001	0.0028790064
1.0213213213213215	7.087392	0.92818456	0.24677888	0.004394321599999999
1.0272272272272274	7.07027904	0.92726424	0.19195796479999996	0.0013985455999999997
1.0331331331331333	7.01920128	0.9224264	0.0729700352	0.0014939200000000001
1.0390390390390392	7.01707712	0.92132496	0.0992159232	0.0010520896000000002
1.044944944944945	7.00881792	0.92139128	0.031084339199999998	0.0006048304
1.050850850850851	7.01252096	0.9215496	0.1111912448	0.00199664
1.0567567567567568	6.96422912	0.91763128	0.0835448832	0.0006160304000000001
1.0626626626626627	6.94390016	0.91544344	0.05427527680000001	0.0008458416
1.0685685685685686	6.88007808	0.90912024	0.050704179199999984	0.0006974256
1.0744744744744745	6.86993024	0.9083595999999999	0.4181731328000001	0.007837240000000002
1.0803803803803804	6.83621504	0.9053481600000001	0.0681269248	0.0085790336
1.0862862862862863	6.83696512	0.90523664	0.21207224319999993	0.007340857599999998
1.0921921921921922	6.78047488	0.90003936	0.13592248320000003	0.003029977600000001
1.098098098098098	6.77423424	0.89890824	0.6132336128	0.0086558256
1.1040040040040042	6.75220864	0.89702904	1.0811250688000003	0.022893649599999993
1.1099099099099101	6.71780096	0.8926082399999999	0.7739445247999999	0.0117262256
1.115815815815816	6.6893433600000005	0.8911659200000001	2.1351884288	0.026613318400000002
1.121721721721722	6.665266559999999	0.88829656	0.9049937408000001	0.013894481599999998
1.1276276276276278	6.59600064	0.88178928	0.17450490880000002	0.007273350400000001
1.1335335335335337	6.58460864	0.8806672	2.0515276288	0.04483487999999999
1.1394394394394396	6.5450688	0.87725296	1.5787366399999998	0.025386169599999987
1.1453453453453455	6.54757056	0.8764836	0.4575671808	0.014592440000000003
1.1512512512512514	6.49591104	0.8721616	0.1805198848	0.00492256
1.1571571571571573	6.4826752	0.87043304	1.0739507200000002	0.02920404959999999
1.1630630630630632	6.436144	0.86510864	0.124256	0.011757177599999996
1.168968968968969	6.447933440000001	0.8673301600000001	0.8363716607999998	0.030522513600000002
1.174874874874875	6.396576639999999	0.8608811199999999	0.5906175488000001	0.021378886399999995
1.1807807807807809	6.362080639999999	0.85835848	0.9109349887999997	0.0233637424
1.1866866866866868	6.29524608	0.8500936	0.29316689920000005	0.019157599999999997
1.1925925925925926	6.28796864	0.84840128	1.3367551487999998	0.02950327039999999
1.1984984984984985	6.29936512	0.8514160799999999	0.3959416831999999	0.0044820784
1.2044044044044044	6.2388064000000005	0.84529632	0.6886950400000001	0.03364733439999999
1.2103103103103106	6.21830912	0.84292696	0.0541048832	0.0062680496000000014
1.2162162162162165	6.16355008	0.83705088	1.4990587391999999	0.0356766464
1.2221221221221223	6.14157888	0.83455896	2.7488671231999993	0.0593160496
1.2280280280280282	6.126288	0.83336768	0.7436940799999999	0.052446694399999993
1.2339339339339341	6.09631104	0.83006152	0.8195586047999999	0.0292696624
1.23983983983984	6.0483712	0.8243735999999999	0.35297280000000003	0.015677280000000002
1.245745745745746	6.019003519999999	0.82095952	1.6026035712000002	0.0423996224
1.2516516516516518	5.96132224	0.81471424	1.0134038527999998	0.027754585599999996
1.2575575575575577	5.955424	0.814744	0.6108723199999999	0.034219519999999996
1.2634634634634636	5.88687424	0.80799344	2.1837424128	0.09465324160000002
1.2693693693693695	5.9011872	0.80891488	0.31959424000000014	0.0198721664
1.2752752752752754	5.8177728	0.80052472	1.2208691199999997	0.0544304304
1.2811811811811813	5.79673472	0.7957171999999999	0.12675051520000005	0.01474892
1.2870870870870872	5.7950835199999995	0.79480944	0.6266918912	0.015585081599999998
1.292992992992993	5.73247936	0.7886664	0.2786559488	0.03781552
1.298898898898899	5.72017472	0.7876323199999999	0.4630410752	0.019738534400000004
1.3048048048048049	5.68600192	0.7827583199999999	1.1106670591999999	0.0213213744
1.3107107107107108	5.6274425599999995	0.77705488	0.4604958208	0.0423104064
1.3166166166166167	5.620411519999999	0.77652248	0.4583757311999999	0.026028062400000003
1.3225225225225228	5.58971904	0.77173744	1.9045838847999996	0.0671591616
1.3284284284284287	5.54681536	0.7677780799999999	0.9577215488000002	0.04949427840000001
1.3343343343343346	5.527598719999999	0.76596056	0.7356093952000001	0.04826344159999999
1.3402402402402405	5.48202048	0.7595801600000001	3.4350413311999994	0.0697572736
1.3461461461461464	5.4173632000000005	0.7511270400000001	0.9660467199999998	0.03324392959999999
1.3520520520520523	5.39484416	0.74839632	1.5112839168	0.08906605439999998
1.3579579579579582	5.36063872	0.74639576	1.7889277952	0.07021422559999999
1.363863863863864	5.3420736	0.74380256	3.6578559999999993	0.10507548159999998
1.36976976976977	5.32578304	0.74098728	1.6170344448000002	0.0435798704
1.3756756756756758	5.26489408	0.73156304	0.47361489920000005	0.0739605696
1.3815815815815817	5.24997824	0.73117208	0.2965513728	0.03790383839999999
1.3874874874874876	5.210245759999999	0.7283700799999999	0.7954236927999999	0.0288037184
1.3933933933933935	5.186314240000001	0.72417312	1.5610851327999997	0.0837300864
1.3992992992992994	5.13139904	0.7157594399999999	1.4852904448	0.07096424159999999
1.4052052052052053	5.1036576	0.71290904	3.5407296000000006	0.17365396960000004
1.4111111111111112	5.0705728	0.70716064	1.6572774400000003	0.1077490176
1.417017017017017	5.06000768	0.70904648	0.7094454271999997	0.06089558240000002
1.422922922922923	5.02020352	0.70127072	1.9514867712000004	0.1299176704
1.428828828828829	5.005326719999999	0.69934496	1.5776753152000003	0.10000616960000001
1.4347347347347348	4.9525087999999995	0.6923391999999999	1.4936512	0.10408224000000002
1.440640640640641	4.900367360000001	0.6892774399999999	2.050745548800001	0.06455452160000001
1.4465465465465468	4.86636096	0.68201	2.2408898048	0.06657964
1.4524524524524527	4.850066559999999	0.67629216	2.835930060799999	0.13277711359999997
1.4583583583583586	4.85109312	0.6797371999999999	3.8156396032000006	0.24257707999999992
1.4642642642642645	4.80204736	0.67442592	1.7125938687999995	0.09164739840000002
1.4701701701701704	4.75120192	0.6646793599999999	2.9757998591999995	0.17867317759999995
1.4760760760760763	4.718015360000001	0.660424	1.3539481088000003	0.074296
1.4819819819819822	4.70592704	0.65890256	1.9502376447999998	0.20874444159999994
1.487887887887888	4.6747795199999995	0.65472704	3.3618970112	0.1140448896
1.493793793793794	4.6560672	0.6514472800000001	1.6590272	0.13560099039999998
1.4996996996996999	4.59855296	0.64648048	2.4893838848	0.11055706239999999
1.5056056056056057	4.587977599999999	0.6423436	0.5046310399999998	0.0754318
1.5115115115115116	4.51151936	0.63077608	3.6436530688	0.16379055840000004
1.5174174174174175	4.51315072	0.63208184	1.6147146752000003	0.09979931359999998
1.5233233233233234	4.45677376	0.62227232	3.2042608127999994	0.07598269440000001
1.5292292292292293	4.42188224	0.61948064	3.4059888127999995	0.2310882176
1.5351351351351352	4.403545599999999	0.6177068	2.9732864000000006	0.19730059999999996
1.5410410410410411	4.416166400000001	0.61935096	2.4119296	0.10458292960000004
1.546946946946947	4.39249408	0.61567936	2.3564603391999994	0.1173973376
1.552852852852853	4.33726464	0.60716408	4.2238885887999995	0.21440047839999998
1.558758758758759	4.31690432	0.6046572800000001	2.7207132672000003	0.17309079040000003
1.564664664664665	4.266971519999999	0.59780384	1.2649805311999998	0.12489359359999998
1.5705705705705708	4.2444512	0.59777168	1.7162892800000003	0.1329271744
1.5764764764764767	4.21856128	0.5896391999999999	0.47181803520000015	0.12776975999999998
1.5823823823823826	4.2010188799999995	0.5883959200000001	1.0257272832000002	0.1143262384
1.5882882882882885	4.16904256	0.58228744	1.5319275007999997	0.1192240816
1.5941941941941944	4.12450752	0.57881664	1.5762253312	0.1859608576
1.6001001001001003	4.12157248	0.5722908800000001	1.9790054912000001	0.2210929664
1.6060060060060062	4.0899232	0.5701698399999999	0.7713011200000001	0.19478267360000004
1.611911911911912	4.0547251200000005	0.5635714399999999	1.8584338432	0.1595312816
1.617817817817818	4.04273664	0.56635176	2.3639564288000003	0.14228782559999997
1.6237237237237239	3.95248256	0.5478970400000001	2.662701260800001	0.0809224496
1.6296296296296298	3.98025088	0.5507868	2.8587948031999995	0.23256587999999997
1.6355355355355357	3.9343552	0.54601488	3.7341132800000008	0.26498144640000004
1.6414414414414416	3.8997657599999997	0.5389908	3.1773052928	0.28386636
1.6473473473473474	3.89670528	0.54233296	0.3525937152	0.05698168960000001
1.6532532532532533	3.8550176	0.53300912	3.8586713599999993	0.35644544640000003
1.6591591591591592	3.86338112	0.5354352800000001	3.0497900032	0.22419715040000007
1.6650650650650651	3.83242496	0.52680656	2.0144590848	0.19190668159999996
1.6709709709709712	3.73884096	0.51595176	3.8811227648	0.30401646559999995
1.6768768768768771	3.7877408	0.52356192	2.3951705600000004	0.31116163839999994
1.682782782782783	3.7314067200000003	0.51543024	3.0133847552	0.20482322560000005
1.688688688688689	3.71498304	0.5132112	0.3372942847999999	0.20788128
1.6945945945945948	3.6655897599999996	0.50737472	3.5754774528	0.34445495039999996
1.7005005005005007	3.68675904	0.50567592	2.4083445248	0.1838884784
1.7064064064064066	3.62990976	0.49357944	1.6035555328000004	0.17614216159999999
1.7123123123123125	3.59522112	0.49026184	2.6496312831999993	0.2850188336
1.7182182182182184	3.56168	0.48748896	1.01540224	0.09498600959999999
1.7241241241241243	3.55821888	0.48677768	3.2194463231999997	0.2474589744
1.7300300300300302	3.52424896	0.48470552	2.3620187647999997	0.2381090223999999
1.735935935935936	3.50713792	0.47982552	1.2140180991999994	0.10687638239999998
1.741841841841842	3.4952787200000004	0.47739544	3.981197875200001	0.30994024159999994
1.7477477477477479	3.49217728	0.47764568	1.8758538752	0.1577088944
1.7536536536536538	3.4389273599999997	0.47172928000000003	3.1235903487999996	0.19647511040000007
1.7595595595595597	3.4105811200000002	0.461048	1.6322770432	0.2853456
1.7654654654654656	3.40716864	0.46033656	1.9759973887999998	0.25797896159999995
1.7713713713713715	3.37868992	0.4562752	3.6994299392000003	0.38565920000000004
1.7772772772772774	3.38529472	0.45383128	4.6280586752	0.29644099040000005
1.7831831831831833	3.3386784	0.44896544	5.870524160000001	0.4880466816
1.7890890890890894	3.30019904	0.43905471999999995	0.6822696448	0.1496136704
1.7949949949949953	3.31185344	0.44385048	1.0354411008	0.17616438239999993
1.8009009009009012	3.25398144	0.43590328	2.1575313408000003	0.18312739040000006
1.806806806806807	3.30442944	0.44068232	2.4876574208	0.35791369440000004
1.812712712712713	3.19796288	0.42648872	1.0294482432	0.21718147040000008
1.8186186186186188	3.25476544	0.43305808	1.1528836607999997	0.37566451840000004
1.8245245245245247	3.21022208	0.42774248	1.7951240191999995	0.24728182239999993
1.8304304304304306	3.1870547200000003	0.42079136	0.5318845952	0.18434869760000003
1.8363363363363365	3.15056704	0.41725376000000003	2.8559758848	0.2227238656
1.8422422422422424	3.15291712	0.41472736	3.8255928831999992	0.26595701759999996
1.8481481481481483	3.15128832	0.41757920000000004	5.4719619072	0.30313952
1.8540540540540542	3.0636934399999998	0.39815896	3.468618700799999	0.23067060960000005
1.85995995995996	3.0829932799999997	0.40491624	1.3662193152000004	0.26601870559999996
1.865865865865866	3.05716544	0.39911208000000004	2.8207851008000007	0.4016411184000001
1.871771771771772	3.04476288	0.39828640000000004	1.5841298432000002	0.19472448
1.8776776776776778	3.01885312	0.39168240000000004	3.8699333632000004	0.30183504
1.8835835835835837	2.99596672	0.39218	2.9343639552000003	0.5349191999999999
1.8894894894894896	2.98962496	0.384998	0.8141096447999998	0.31882092
1.8953953953953955	2.99239296	0.38751512	1.0479822848	0.2148806064000001
1.9013013013013014	2.91145088	0.37509376	3.9498770431999994	0.48287938560000004
1.9072072072072075	2.93	0.37512664	1.1169625600000002	0.18353857760000006
1.9131131131131134	2.9093568	0.37316968	3.2499251200000008	0.35121801439999994
1.9190190190190193	2.89093824	0.36988528000000004	1.6247817727999994	0.2664912704
1.9249249249249252	2.89792512	0.370002	0.5990572031999999	0.29336556
1.930830830830831	2.86745024	0.36114088	0.26403937279999995	0.27701052640000007
1.936736736736737	2.85499712	0.361708	1.5551596032000006	0.2572072
1.9426426426426429	2.7979782400000004	0.35270456	2.2390793728	0.3036660016
1.9485485485485488	2.79287104	0.34573191999999997	0.9309378048	0.2851591984
1.9544544544544546	2.8242752	0.35718736	2.23553024	0.27740069759999997
1.9603603603603605	2.7825177599999997	0.34833112	0.8080867327999998	0.22161820640000005
1.9662662662662664	2.7568134399999997	0.34151040000000005	1.5328798208	0.18237216
1.9721721721721723	2.739344	0.33970824	2.10804096	0.24188654559999995
1.9780780780780782	2.7361856	0.33637648	1.71293184	0.1107573824
1.9839839839839841	2.74525568	0.343868	1.9040335872	0.26810416
1.98988988988989	2.71829952	0.33871416	1.2015130112	0.38534267359999996
1.995795795795796	2.68277888	0.33008144	0.8829970431999999	0.31910796160000005
2.001701701701702	2.66092032	0.32751448	1.8881359871999996	0.32854646239999996
2.0076076076076075	2.6642783999999997	0.32468848	1.8488051200000004	0.3731237824
2.0135135135135136	2.6491961600000002	0.3232116	1.1682272768000002	0.3251194799999999
2.0194194194194197	2.63759616	0.318862	1.1461152768	0.2563422
2.0253253253253254	2.61962176	0.32169072	0.7221872128	0.13795975040000003
2.0312312312312315	2.60252352	0.31355008	1.0526336511999999	0.2530541184
2.037137137137137	2.56364992	0.30751096	3.8374446591999996	0.5405074096
2.0430430430430433	2.55742784	0.3033148	1.4671738368000005	0.3663598
2.048948948948949	2.55225152	0.30038336	0.6395315712	0.24355893759999997
2.054854854854855	2.5364832	0.30476032000000003	5.678933760000001	0.4761404544
2.0607607607607608	2.5228992000000003	0.30071696000000003	1.4053632	0.3434674496
2.066666666666667	2.51442432	0.2935468	0.1615491072	0.36770892000000016
2.0725725725725725	2.51181632	0.29702808	0.6644393472	0.35605263840000007
2.0784784784784787	2.50655936	0.29468624	0.6499173888	0.10335218560000001
2.0843843843843843	2.4736556800000002	0.2898652	1.2199081471999997	0.3410925999999999
2.0902902902902905	2.4484051200000003	0.28753744	1.1277829631999998	0.13480812159999994
2.096196196196196	2.4593126400000003	0.28637959999999996	1.5717797888000002	0.4231809199999999
2.1021021021021022	2.4174643199999997	0.27727936	0.24515870719999996	0.2702056576
2.1080080080080084	2.4461312000000004	0.27858384	0.6110105600000001	0.21960223360000003
2.113913913913914	2.4212447999999998	0.28204048	1.3560972799999993	0.2969948224
2.11981981981982	2.4122387200000004	0.28156584	1.9804349952000004	0.3260991536
2.125725725725726	2.39652608	0.27954168	0.6042734592	0.34465353440000007
2.131631631631632	2.3700256	0.27180288	0.89299328	0.2351134464
2.1375375375375376	2.3982438399999997	0.26812536	1.4743482367999998	0.18674241760000004
2.1434434434434437	2.3908927999999996	0.26708104	0.5707008	0.2247160496
2.1493493493493494	2.33890944	0.26100639999999997	1.0932062207999997	0.34005728
2.1552552552552555	2.30983616	0.26135216	2.0478227968000007	0.4469692736
2.161161161161161	2.3442566400000002	0.2615984	0.4958361087999999	0.20838528
2.1670670670670673	2.30674176	0.25368752	1.2455702527999997	0.4256700224
2.172972972972973	2.27772416	0.2550844	1.2820615168	0.2270142
2.178878878878879	2.29992256	0.25774984	0.5724190208000002	0.2838025136
2.1847847847847848	2.2857472000000003	0.24812512	2.9637017599999993	0.3999716864
2.190690690690691	2.27435072	0.2468736	0.3557258752	0.18388767999999997
2.196596596596597	2.25925056	0.24542544	2.1374084608	0.3202538816
2.2025025025025027	2.2585408	0.25127416	2.6022451200000005	0.4265733936000001
2.208408408408409	2.2658924799999998	0.24529672	0.6656128511999999	0.08083939039999997
2.2143143143143145	2.2353568	0.24365664	1.1473036799999998	0.34612181759999994
2.2202202202202206	2.22676416	0.23968208	1.0230343168	0.24081235839999998
2.2261261261261263	2.2087488	0.23158968	1.05253376	0.4306794544
2.2320320320320324	2.21086464	0.23669488	0.6687756288000001	0.37564992640000006
2.237937937937938	2.18641536	0.23115592000000001	1.4036236288000001	0.08033295840000002
2.243843843843844	2.1881964799999998	0.23364320000000002	1.1568666112000001	0.24027744000000006
2.24974974974975	2.16337472	0.22591408	0.11011947520000002	0.22723795839999997
2.255655655655656	2.16393856	0.22477455999999998	2.4286251007999997	0.28634316160000006
2.2615615615615616	2.1732038399999998	0.22640352	0.13371079679999995	0.13339754240000004
2.2674674674674677	2.14760896	0.22135376	0.18972564479999998	0.30414130559999997
2.2733733733733734	2.12450816	0.21912695999999998	3.9516602367999987	0.35280596959999994
2.2792792792792795	2.12352448	0.2216432	0.5030118912	0.42930591999999995
2.285185185185185	2.11761856	0.21790536	1.1403191808	0.4068208176000001
2.2910910910910913	2.07784256	0.21471488	1.4886635007999998	0.14103792639999999
2.296996996996997	2.08739904	0.20833104	0.8837416448000001	0.1394191296
2.302902902902903	2.0738592	0.2129152	0.8515008000000001	0.23751743999999997
2.308808808808809	2.11488896	0.2136044	1.7319118848000001	0.27692012000000005
2.314714714714715	2.07823424	0.20625536	0.6502819328	0.3167189376000001
2.320620620620621	2.09328192	0.21127711999999998	1.6788014592	0.29860624639999994
2.3265265265265267	2.06737344	0.20850072	0.2625361408	0.1825977904
2.332432432432433	2.04269632	0.19966567999999998	0.19582622720000006	0.18851081439999998
2.3383383383383385	2.04221824	0.20153968	0.5451388928	0.3135236544
2.3442442442442446	2.0371225600000002	0.19822808	0.4400427008000001	0.17555183840000002
2.3501501501501503	2.00257408	0.19290207999999998	2.7151316991999996	0.28848067839999997
2.3560560560560564	2.01938688	0.19072208	0.4704940031999999	0.15067379840000003
2.361961961961962	1.99875328	0.19217392000000003	1.6078385152	0.15074963840000002
2.367867867867868	1.9943392	0.19020096	0.21798271999999996	0.21220008959999997
2.373773773773774	1.9802188799999998	0.19522488000000002	0.22890168319999993	0.13924060640000002
2.37967967967968	1.9577292800000001	0.18344407999999998	0.1902333952	0.18318543839999998
2.3855855855855856	1.98039872	0.18819808	0.2720138752	0.2001817984
2.3914914914914918	1.9425708799999999	0.18899856	0.22345784319999992	0.2608430016
2.3973973973973974	1.9710566399999998	0.18862352	0.13142138879999998	0.2942063424
2.4033033033033036	1.9583507199999999	0.17790624	0.4839921151999999	0.20339074559999995
2.4092092092092092	1.96534656	0.1892212	0.19246510080000004	0.09599371999999999
2.4151151151151153	1.92965632	0.17575392	0.4677353472	0.2190717184
2.421021021021021	1.95543552	0.18089816	0.19079045120000004	0.21730939359999998
2.426926926926927	1.92302528	0.18182088000000002	0.5505111552000002	0.32452284640000006
2.4328328328328332	1.8970528	0.16837632	0.84579712	0.13616861440000005
2.438738738738739	1.91719104	0.17434232	0.4703016448000001	0.1326413744
2.444644644644645	1.91365952	0.17552464	0.12452101119999998	0.0841453376
2.4505505505505507	1.8776633600000001	0.16250824	0.8822629887999999	0.2247742256
2.456456456456457	1.8881504	0.17175711999999999	0.49011072	0.27511088640000003
2.4623623623623625	1.87278272	0.16354168	0.16470891519999997	0.1198660144
2.4682682682682686	1.85358592	0.16519128	1.9803348991999996	0.1311606704
2.4741741741741743	1.86757632	0.16333936	0.2745884672	0.16019269760000002
2.4800800800800804	1.87134592	0.16248295999999998	0.2662254592	0.14100052959999998
2.485985985985986	1.8527276799999999	0.16393568	0.3036534272000001	0.26597469440000004
2.491891891891892	1.81955392	0.16342607999999997	0.5290132991999997	0.4077781184
2.497797797797798	1.84291648	0.1594356	1.4993638912	0.11656587999999997
2.503703703703704	1.83280576	0.1603204	1.9428976128	0.24970155999999996
2.5096096096096097	1.82358784	0.15786232	1.0366087168	0.2420935344
2.5155155155155158	1.84023168	0.15877696	0.22202142719999995	0.20546472959999995
2.5214214214214214	1.78842368	0.15140679999999998	0.9063862272000001	0.2622186799999999
2.5273273273273276	1.81737792	0.15682568	0.35584465919999997	0.1753924144
2.5332332332332332	1.7908064	0.15616888	2.2957503999999997	0.18838300639999994
2.5391391391391394	1.7912096000000002	0.15014608	0.3673126399999999	0.18415603840000005
2.5450450450450455	1.7996646399999998	0.15030272	3.177432268799999	0.4775362304
2.550950950950951	1.76139008	0.14999832000000002	2.1421473791999994	0.3949168944000001
2.5568568568568573	1.7924703999999998	0.14876367999999998	1.0591065600000003	0.3414375744
2.562762762762763	1.7764870400000001	0.15061192	0.5326939648000001	0.24257583839999994
2.568668668668669	1.7625472	0.14459368	0.56014848	0.10690601440000001
2.5745745745745747	1.7709350400000001	0.13989576	0.4320360447999999	0.07295502559999997
2.580480480480481	1.7463648	0.14631816	0.86761856	0.30777275360000006
2.5863863863863865	1.76229248	0.14065535999999998	1.3453248512000002	0.25032021759999995
2.5922922922922926	1.75301632	0.14298967999999998	0.4402409472000001	0.2806266544
2.5981981981981983	1.7341536000000002	0.1377004	0.22980992	0.10529611999999998
2.6041041041041044	1.7315468799999998	0.1422352	0.42555576319999994	0.06964384000000003
2.61001001001001	1.73056256	0.13574688000000001	2.9160439808000005	0.0321668864
2.615915915915916	1.72589376	0.13769064	0.4306032128000001	0.05128225760000002
2.621821821821822	1.70856	0.1309952	0.17400192	0.22783167999999995
2.627727727727728	1.69913728	0.1313136	0.37211115520000004	0.11673408
2.6336336336336337	1.70848768	0.12861952000000001	0.2726223872	0.1056628224
2.63953953953954	1.7161952	0.13235168	0.4365760000000001	0.2182361344
2.6454454454454455	1.68330304	0.129402	0.0973915648	0.16467916
2.6513513513513516	1.6939692800000001	0.13648423999999998	0.5602903552000001	0.2840055856
2.6572572572572573	1.71478208	0.13361135999999998	0.39785937920000003	0.20022533759999997
2.6631631631631634	1.69530752	0.12583232	0.4012685311999999	0.24445629440000005
2.6690690690690695	1.6832032	0.12152984	0.18804096000000006	0.06151515359999998
2.674974974974975	1.68700672	0.12268064	1.3364989952	0.2494530176
2.6808808808808813	1.67483328	0.12889408	0.0801981952	0.12393411839999999
2.686786786786787	1.6505792	0.1236576	1.1558553600000003	0.054651840000000014
2.692692692692693	1.64525632	0.12585712	0.4499523072	0.3032211264
2.6985985985985987	1.64597056	0.12455208	0.4051281408000001	0.3698081583999999
2.704504504504505	1.6299513600000002	0.12542976	1.1383551487999999	0.1782934656
2.7104104104104105	1.65445376	0.12810384	1.9230896128000008	0.30320479359999997
2.7163163163163166	1.63959232	0.12367183999999999	0.15048350719999998	0.1771235136
2.7222222222222223	1.6236499199999999	0.11814832	0.1093576192	0.27262285440000006
2.7281281281281284	1.6036032	0.11354944	0.34100736	0.16760284160000005
2.734034034034034	1.6181574399999998	0.12030592	2.7449988608000004	0.2508694784
2.7399399399399402	1.6236659199999999	0.11871088	0.1557665792	0.1746611264
2.745845845845846	1.6173248	0.11596536	0.2992383999999999	0.11775585759999997
2.751751751751752	1.61997248	0.11200192	0.3777152512	0.13531587839999998
2.7576576576576577	1.6201792	0.11391167999999999	0.49025536	0.02765021439999999
2.763563563563564	1.6101011200000002	0.11301583999999999	0.29624376319999995	0.4485721536
2.7694694694694695	1.6083571200000002	0.11006888000000001	0.49480888319999994	0.10843932640000001
2.7753753753753756	1.61331584	0.1102656	0.22378311680000004	0.15493088
2.7812812812812817	1.59365696	0.11511152000000001	0.6704629247999997	0.08879738240000001
2.7871871871871874	1.6054591999999999	0.11036664	0.15675904000000002	0.1515539376
2.7930930930930935	1.5899078400000002	0.10894824	0.31420103679999994	0.19438446560000003
2.798998998998999	1.56965632	0.11421368	0.5147574272	0.1656045744
2.8049049049049053	1.5689536000000002	0.10447103999999999	0.5862451199999998	0.0408077696
2.810810810810811	1.56789504	0.1106816	0.2257154047999999	0.15599744000000001
2.816716716716717	1.5598316799999998	0.10807472	0.15737502719999996	0.24129223040000006
2.8226226226226228	1.54941632	0.10242888	0.09240222719999996	0.043297246399999996
2.828528528528529	1.55351744	0.10588304	0.48334126080000006	0.09673016960000001
2.8344344344344345	1.53913152	0.1026288	0.18274565119999997	0.02824
2.8403403403403407	1.52753856	0.1045488	0.18086190079999998	0.04524416000000001
2.8462462462462463	1.5571321599999999	0.10382712	0.3823379968	0.0756671664
2.8521521521521525	1.53624192	0.09713248	0.13731409920000004	0.1489482624
2.858058058058058	1.53723904	0.10308728	0.36389396479999997	0.13640899039999999
2.8639639639639642	1.5128544	0.10222	0.18311551999999995	0.06835632000000001
2.86986986986987	1.5020204799999999	0.09761816000000001	0.3028403712	0.16175963360000004
2.875775775775776	1.5353216	0.09675688	0.5547212800000001	0.2644511664000001
2.8816816816816817	1.49876544	0.09662575999999999	0.6715012607999999	0.19051730559999996
2.887587587587588	1.52480576	0.09535191999999999	0.2696304128	0.1997460784
2.893493493493494	1.49723264	0.09006368	0.24094330880000012	0.11478685439999999
2.8993993993993996	1.52258048	0.09698928	0.4029325312	0.20475687039999999
2.9053053053053057	1.4966739199999999	0.09297768	0.1662305792	0.13533001439999998
2.9112112112112114	1.4911008000000001	0.09502824	0.24413567999999994	0.1418273456
2.9171171171171175	1.48764992	0.08910256	0.10676689919999999	0.16367116159999998
2.923023023023023	1.45732416	0.0960576	0.7615968768	0.03971936000000001
2.9289289289289293	1.471008	0.09351144	1.2239103999999998	0.0444052016
2.934834834834835	1.48811328	0.08943527999999999	0.24987499520000003	0.08994371040000004
2.940740740740741	1.4941676799999999	0.09240783999999999	0.5303260672000002	0.0431446336
2.9466466466466468	1.4700096	0.0895904	1.4595840000000002	0.09861344000000001
2.952552552552553	1.4562464	0.0875624	0.45897088000000014	0.01495792
2.9584584584584586	1.4853420800000001	0.09022744	0.41132497919999994	0.1007316016
2.9643643643643647	1.4718028799999998	0.08785032000000001	0.31765176319999994	0.07248169439999999
2.9702702702702704	1.4467776	0.0850008	0.28501504	0.061500639999999995
2.9761761761761765	1.45822208	0.08996728	1.2682964991999999	0.11032067039999997
2.982082082082082	1.4385823999999998	0.08232984	0.5447001600000002	0.25227739359999996
2.9879879879879883	1.46586752	0.08901104	0.44098949119999986	0.05792248960000001
2.993893893893894	1.4234233600000001	0.08410480000000001	1.0519705088	0.07931184
2.9997997997998	1.44135872	0.0862876	0.22792043520000005	0.16065740000000003
3.0057057057057057	1.4393331200000001	0.08534536	1.0551007231999998	0.0830710576
3.011611611611612	1.44022144	0.08114447999999999	0.23178670080000005	0.07181850240000001
3.017517517517518	1.4314111999999999	0.08341504	0.23909375999999996	0.11797512959999999
3.0234234234234236	1.42772096	0.08104104	0.6120040447999999	0.05734292959999999
3.0293293293293297	1.40800448	0.08608632000000001	0.5380736512	0.08893993439999998
3.0352352352352354	1.4044704	0.08045016	0.33480064000000004	0.10874043359999999
3.0411411411411415	1.4077216000000001	0.08640592	0.22232447999999996	0.0888597184
3.047047047047047	1.3931904	0.07596016	0.21081088000000003	0.14084671359999998
3.0529529529529533	1.3880505600000002	0.08012008	0.3788215808000001	0.0642913584
3.058858858858859	1.40162944	0.08103232	0.19514798080000004	0.37763613440000005
3.064764764764765	1.39331584	0.07860368	0.19413319679999994	0.15136909439999996
3.070670670670671	1.40841088	0.0714032	0.9091909632000001	0.21784640000000002
3.076576576576577	1.3904819199999998	0.07719384	0.4938350592	0.04348891359999999
3.0824824824824826	1.39524352	0.07894232000000001	0.5321818112	0.1265383344
3.0883883883883887	1.3829478400000002	0.07911264	0.8569479168000002	0.008240217600000002
3.0942942942942944	1.3754828799999999	0.07743664	0.1372229632	0.0231472576
3.1002002002002005	1.39274496	0.080506	0.1353064448	0.09428524
3.106106106106106	1.3863750400000001	0.07484168	0.18872212479999997	0.038255774400000005
3.1120120120120123	1.3632908799999999	0.07532392	0.08430776319999998	0.1144862384
3.117917917917918	1.36302528	0.06905	0.29179755519999995	0.11242156
3.123823823823824	1.37641088	0.07419919999999999	0.2055698431999999	0.043968160000000006
3.12972972972973	1.36831808	0.06801016	1.5552148991999992	0.04334939360000001
3.135635635635636	1.34439744	0.07056639999999999	0.5496452608	0.12005824000000001
3.141541541541542	1.35756736	0.07257344	0.4742604287999999	0.10987100160000003
3.1474474474474476	1.34081024	0.06386632	0.2879561728	0.020857054400000002
3.1533533533533538	1.3497632	0.06484872	0.39015807999999985	0.15653571039999997
3.1592592592592594	1.39145024	0.065094	1.3022627328	0.22131372
3.1651651651651656	1.34501504	0.07375048	1.0612021247999999	0.07326518239999999
3.1710710710710712	1.3522783999999999	0.07014464	0.16126335999999997	0.0738306176
3.1769769769769773	1.3488416	0.06528008	0.2669196799999999	0.0848129584
3.182882882882883	1.3210208	0.06566912	1.02375808	0.037685606399999995
3.188788788788789	1.32023424	0.06872032	0.20469985279999994	0.025105254399999995
3.194694694694695	1.3244723200000001	0.06992792	0.45564190720000003	0.17491791839999998
3.200600600600601	1.3263398400000002	0.06576496000000001	0.25313095680000003	0.0432149696
3.2065065065065066	1.3222112	0.06578272	0.31490431999999996	0.10478551040000003
3.2124124124124127	1.31462592	0.05887096	0.2102318592	0.017138769600000003
3.2183183183183184	1.30787776	0.06974912	0.6578083327999998	0.06118160639999999
3.2242242242242245	1.32458624	0.06744992	0.4440291328	0.0132246784
3.23013013013013	1.31818368	0.0640932	2.1792233472	0.04869132000000001
3.2360360360360363	1.3063379199999998	0.06799656	0.30202321919999997	0.09491432160000003
3.2419419419419424	1.31004096	0.06211768	2.0991067647999997	0.017658974400000003
3.247847847847848	1.3079788799999998	0.05845504	0.7355704832000002	0.1007095296
3.253753753753754	1.30478528	0.05919592	0.22552427519999993	0.0866782384
3.25965965965966	1.28539904	0.06004896	0.20675092479999999	0.20241064959999996
3.265565565565566	1.27979072	0.06430280000000001	0.12238699519999996	0.1879886
3.2714714714714717	1.3019616	0.06212568	0.12358016000000001	0.03539049439999999
3.2773773773773778	1.29982656	0.062055360000000004	1.3154743808000002	0.036491417599999985
3.2832832832832834	1.2797561599999998	0.06091416	0.6348666368	0.05122299359999999
3.2891891891891896	1.30248448	0.05992976	0.49099653120000003	0.041408185599999994
3.2950950950950952	1.280064	0.05947184	0.37741568	0.041547513599999995
3.3010010010010014	1.2850758400000002	0.052828879999999995	0.6622586367999999	0.12083260640000004
3.306906906906907	1.29673408	0.0597608	0.8055547392000002	0.10571856
3.312812812812813	1.27533632	0.05648608	0.2507945472000001	0.0765187584
3.318718718718719	1.2667296000000001	0.05908304	0.48608640000000003	0.07230648959999998
3.324624624624625	1.25795968	0.062044720000000005	0.17222430719999993	0.0259152304
3.3305305305305306	1.24116928	0.06087824	1.7377469951999998	0.1342187456
3.3364364364364367	1.26629696	0.05610712	0.6086133248000001	0.17953212640000002
3.3423423423423424	1.25032	0.061429199999999996	0.4310464	0.11913708000000002
3.3482482482482485	1.24763648	0.05563368	0.25480069120000004	0.0924304944
3.354154154154154	1.2562271999999999	0.05777576	0.27793791999999995	0.08780878560000001
3.3600600600600603	1.23573824	0.05598896	2.5304892928000013	0.015644729599999997
3.3659659659659664	1.2289068799999998	0.050411040000000004	0.39241784320000006	0.061571769600000006
3.371871871871872	1.2502380800000001	0.05305096	0.38631889920000007	0.21010004959999998
3.377777777777778	1.2149228799999998	0.05064888	1.0252908032	0.13827484639999998
3.383683683683684	1.2350636799999999	0.05684808	0.09888414719999995	0.027368798399999998
3.38958958958959	1.23342656	0.05435072	0.4388996608000001	0.23486263040000002
3.3954954954954957	1.2490726399999998	0.05679592	1.0393100288	0.042681118399999995
3.401401401401402	1.208992	0.05150048	0.32696832000000003	0.0178932224
3.4073073073073075	1.2253824	0.04876424	2.3686758400000003	0.04974030559999999
3.4132132132132136	1.21618176	0.051172	0.3738083327999999	0.042850400000000004
3.4191191191191193	1.22807872	0.05532872	0.28828523519999993	0.015391390400000005
3.4250250250250254	1.2180748799999999	0.04932872	0.2528991231999999	0.14798243040000003
3.430930930930931	1.2238188799999998	0.05387448	0.3937183232000001	0.07780918240000001
3.436836836836837	1.2122144	0.05310344	0.95110528	0.14970376159999998
3.442742742742743	1.213264	0.04974648	0.14849408	0.0378143024
3.448648648648649	1.20534016	0.046944559999999996	1.4896365568	0.0560135216
3.4545545545545546	1.23989696	0.04816976	0.3070760447999999	0.0305102656
3.4604604604604607	1.2357798400000002	0.047952959999999996	0.1497991168	0.0444010496
3.4663663663663664	1.2229068799999998	0.052805279999999996	0.18451128319999993	0.05120743040000002
3.4722722722722725	1.19294784	0.05159	0.22793927679999995	0.08539308
3.4781781781781786	1.19639296	0.04791592	0.6677250047999999	0.08280399840000001
3.4840840840840843	1.18575552	0.046551199999999994	0.7022720512000001	0.008069920000000001
3.4899899899899904	1.1965593600000002	0.053181360000000004	0.9824370688	0.09981345760000004
3.495895895895896	1.20051264	0.055023760000000005	0.29458938879999996	0.0179908656
3.5018018018018022	1.18533504	0.049794080000000004	0.4876392448	0.0184264384
3.507707707707708	1.1983180800000002	0.04932888	0.2652475392	0.04744444639999999
3.513613613613614	1.18498304	0.04711232	2.2934888447999997	0.041134054399999995
3.5195195195195197	1.1906476799999999	0.04283768	0.9149507072000002	0.14885385439999999
3.525425425425426	1.18131072	0.04663928	0.22944747519999986	0.0212464304
3.5313313313313315	1.1864256000000002	0.04820408	0.21086720000000003	0.12353935840000001
3.5372372372372376	1.1601568	0.04538544	2.7356198399999996	0.034816761599999996
3.5431431431431433	1.18502656	0.043072	0.2917163008000001	0.00626272
3.5490490490490494	1.182528	0.045473440000000004	0.14851072	0.07858732159999997
3.554954954954955	1.17108224	0.05092952	0.36607713280000004	0.09780182240000002
3.560860860860861	1.2016051200000002	0.04185424	0.27230904319999993	0.08038066560000001
3.566766766766767	1.17444928	0.04555464	0.38627179519999993	0.0045692976
3.572672672672673	1.17271808	0.04760568	0.26022993920000004	0.0906877744
3.5785785785785786	1.16972544	0.04323176	1.3761630207999997	0.21005230560000002
3.5844844844844848	1.1740691200000002	0.048334480000000006	0.23488568319999995	0.039073182399999996
3.590390390390391	1.15978048	0.04790528	1.1342771712	0.051665510400000024
3.5962962962962965	1.16309952	0.03613104	0.44243205120000006	0.10153592959999999
3.6022022022022027	1.16860416	0.042624959999999996	0.3397869568	0.11039976959999998
3.6081081081081083	1.1432928	0.0452728	0.35280256000000004	0.021125599999999998
3.6140140140140145	1.1633824	0.04060376	0.5002790400000002	0.012523025600000001
3.61991991991992	1.16379008	0.03982096	0.2122708992	0.05879960959999999
3.6258258258258262	1.143504	0.04440576	0.14864768	0.004791385599999999
3.631731731731732	1.13591232	0.0443848	0.30942878719999994	0.17685328
3.637637637637638	1.14524672	0.047888400000000005	0.11757035519999999	0.06310988000000001
3.6435435435435437	1.1403321599999998	0.04379656	0.6267258367999998	0.029682961599999995
3.64944944944945	1.1301260800000001	0.041904239999999995	1.0164692991999997	0.018191185599999996
3.6553553553553555	1.1359180800000002	0.03925696	0.2288648192	0.1267284096
3.6612612612612616	1.14735616	0.04292336	0.27534663679999993	0.06770949759999999
3.6671671671671673	1.11486848	0.03957816	0.5947226111999999	0.04431035359999999
3.6730730730730734	1.1415712	0.04153424	0.5490316800000001	0.07533458559999999
3.678978978978979	1.13281856	0.04273776	0.10689838079999998	0.013342585599999996
3.684884884884885	1.13245632	0.047632	0.9653315071999998	0.004608640000000001
3.690790790790791	1.12546304	0.03981808	0.16389652479999994	0.10789779839999998
3.696696696696697	1.1354604799999999	0.03678352	0.30166277119999996	0.014317062399999997
3.7026026026026027	1.11805504	0.04017616	0.2304706047999999	0.03437183360000001
3.7085085085085088	1.13000448	0.038323760000000005	0.37315461120000004	0.1692612656
3.714414414414415	1.1140742399999999	0.0408648	0.20756577280000005	0.021685919999999997
3.7203203203203206	1.10090496	0.041458800000000004	0.3374747647999999	0.07116492000000003
3.7262262262262267	1.1148928	0.03733704	0.45484032	0.07505556959999998
3.7321321321321324	1.1167379199999998	0.038104160000000005	0.6062228991999998	0.11820543359999998
3.7380380380380385	1.1140192	0.04016504	0.9309939200000001	0.013058449599999994
3.743943943943944	1.11065088	0.042820800000000006	0.5467615231999999	0.0237984
3.7498498498498503	1.10379328	0.0361012	0.10659691519999996	0.055731
3.755755755755756	1.09476288	0.03701392	0.14711864319999998	0.0060149184
3.761661661661662	1.084896	0.033736480000000006	1.12749056	0.08926106239999998
3.7675675675675677	1.10895936	0.04035304	1.0625689088	0.04335860960000001
3.773473473473474	1.08685248	0.04036504	0.9894733312	0.0316146096
3.7793793793793795	1.08809024	0.03874928	0.39894113280000004	0.10817863039999995
3.7852852852852856	1.0819801599999999	0.03621912	1.1423213568	0.056232926399999994
3.7911911911911913	1.09710912	0.036694239999999996	0.18242616319999996	0.08190994559999999
3.7970970970970974	1.10120832	0.037582239999999996	0.8126134271999998	0.037288825600000006
3.803003003003003	1.09773824	0.03461912	0.8444899328000002	0.015642846400000007
3.808908908908909	1.10150656	0.03810016	0.5083742208	0.013182553599999999
3.814814814814815	1.0747968	0.03513736	0.6412851200000003	0.0684080176
3.820720720720721	1.069104	0.03606912	0.98069888	0.0596673664
3.826626626626627	1.1134009599999999	0.04160416	0.43241364480000005	0.04857135360000001
3.832532532532533	1.0791808	0.03860512	0.21306367999999998	0.0222046464
3.838438438438439	1.08381184	0.03267336	0.2048544767999999	0.09704577759999997
3.8443443443443446	1.08068224	0.0343	0.43407585280000016	0.04914768
3.8502502502502507	1.07617152	0.03583816	0.3663194111999999	0.058616273599999984
3.8561561561561564	1.06660544	0.03658832	0.07248174079999999	0.014462534400000003
3.8620620620620625	1.0834291200000001	0.034217519999999994	0.8960018432000002	0.05864182240000001
3.867967967967968	1.0710208	0.04090568	1.0267904	0.048544094399999994
3.8738738738738743	1.0635712	0.03094688	0.12469760000000003	0.006389926400000001
3.87977977977978	1.07780544	0.02984568	2.2060676607999996	0.0197572144
3.885685685685686	1.07045248	0.03450344	0.13585797119999998	0.0187677616
3.8915915915915917	1.0563488	0.03486344	0.41695616000000013	0.13748968159999997
3.897497497497498	1.0434048	0.03093344	0.32965631999999995	0.022759001600000005
3.9034034034034035	1.06867776	0.033420319999999996	0.7587644927999999	0.0947255744
3.9093093093093096	1.064944	0.033174	0.85076352	0.02855916
3.9152152152152153	1.06009152	0.02914	0.20052229119999998	0.07140016
3.9211211211211214	1.05163072	0.026884	0.20772715519999996	0.08620591999999999
3.927027027027027	1.03912256	0.03264856	0.3590481408	0.0167252016
3.9329329329329332	1.0564454399999998	0.03031176	0.48820142079999995	0.0697233456
3.9388388388388393	1.0549152	0.03128352	0.11383167999999998	0.0453041024
3.944744744744745	1.03860096	0.03191136	0.26214420479999995	0.011438297600000001
3.950650650650651	1.06740352	0.03351072	0.9343629312	0.017180070400000004
3.956556556556557	1.03932736	0.03111536	0.1561650688	0.02134725760000001
3.962462462462463	1.0240864	0.03147048	0.39374208000000005	0.011713822399999997
3.9683683683683686	1.03405376	0.02961896	0.8659260928	0.019141649599999994
3.9742742742742747	1.06837056	0.02915512	1.6087684607999997	0.21000412640000002
3.9801801801801804	1.0493228799999998	0.03315512	1.3287327232	0.020631326400000004
3.9860860860860865	1.054528	0.029433599999999997	1.43981568	0.051810240000000014
3.991991991991992	1.03890688	0.03295072	0.6907154432	0.023424230400000003
3.9978978978978983	1.02885632	0.02806264	0.5016502272	0.03838145760000001
4.0038038038038035	1.02192512	0.036030879999999994	0.2977605632000001	0.011405766399999998
4.00970970970971	1.02883136	0.030172479999999998	0.36204026879999995	0.04439370239999998
4.015615615615616	1.03810176	0.033636559999999996	0.12869857280000002	0.0992599216
4.021521521521522	1.04912576	0.03210424	0.16952417280000007	0.017091025599999997
4.027427427427427	1.02748352	0.028564720000000002	0.6999987712000001	0.03869507039999999
4.033333333333333	1.02977472	0.03047048	0.30169963520000004	0.029096222400000003
4.039239239239239	1.01758848	0.02879016	0.24129925119999998	0.047455313600000014
4.0451451451451454	1.02393536	0.02564992	0.6305535487999999	0.013183398400000004
4.051051051051051	1.0271552	0.02726096	0.2942515199999999	0.0098773696
4.056956956956957	1.03294592	0.03098488	0.33706577919999997	0.057001566399999995
4.062862862862863	1.02785088	0.0329464	0.20850744320000003	0.032021919999999995
4.068768768768769	0.99951104	0.02420736	0.5654683647999998	0.0236968576
4.074674674674675	1.02753728	0.02841384	0.4642186752000001	0.026179793600000004
4.08058058058058	1.00478976	0.030974	0.3070947328	0.040264440000000006
4.0864864864864865	0.9990944	0.029402240000000003	0.12821888	0.10604738559999996
4.092392392392393	1.0092940799999999	0.026926	0.30599761919999996	0.08480075999999999
4.098298298298299	1.02784896	0.030116080000000003	0.16400404479999994	0.0590206384
4.104204204204204	1.0023072	0.0272196	0.36206976	0.0046958
4.11011011011011	1.00933248	0.029308	0.35189125119999987	0.06923024
4.116016016016016	0.98715328	0.02885368	0.23168875519999996	0.0131047344
4.121921921921921	0.99404992	0.03003792	0.22966737920000002	0.005347398400000001
4.1278278278278275	0.99254336	0.02583392	1.7930700287999997	0.025097958400000005
4.133733733733734	1.01594112	0.02350448	0.42772152320000006	0.0513349824
4.13963963963964	0.97699008	0.0302296	0.4375803392000001	0.0263432
4.145545545545545	1.00767232	0.02846168	0.4771868671999999	0.0158052144
4.151451451451451	0.98387712	0.034175040000000004	0.24954552320000006	0.12325224959999996
4.157357357357357	0.99139456	0.02708368	0.10232238079999999	0.0369652544
4.163263263263263	0.9934368	0.0266688	0.54833536	0.01133664
4.169169169169169	0.99902784	0.02748536	0.7119226368	0.03266753759999999
4.175075075075075	0.98001408	0.0255044	1.5004065791999999	0.033902200000000014
4.180980980980981	0.98566528	0.026718	0.36579307520000004	0.22588876000000002
4.186886886886887	0.99258048	0.0262948	0.6195328511999999	0.037799160000000005
4.192792792792793	0.9963264000000001	0.02925992	0.18275328	0.0774983984
4.198698698698698	0.9868864	0.02452416	0.2654976000000001	0.07273487359999999
4.204604604604604	0.97561792	0.03101032	1.4247368191999998	0.042481374399999994
4.2105105105105105	0.98443136	0.02520848	0.6306674688	0.0042975424000000016
4.216416416416417	0.9901888000000001	0.027039439999999998	0.27305472	0.017315921600000003
4.222322322322322	0.97764288	0.02119632	0.8159237631999998	0.06607949440000001
4.228228228228228	0.97673792	0.026622	1.8215777792000003	0.01770764
4.234134134134134	0.9530867199999999	0.02979352	0.3779377152	0.06127286239999999
4.24004004004004	0.9571776	0.0262364	0.1850316800000001	0.05278732
4.245945945945945	0.9782784	0.02877584	0.6415871999999999	0.029613433600000003
4.2518518518518515	0.95993088	0.022566720000000002	0.5865848832	0.04551703040000001
4.257757757757758	0.96085248	0.02320424	0.3898048512	0.0159265456
4.263663663663664	0.97081472	0.02416368	0.16157675519999998	0.014501574399999998
4.269569569569569	0.9553324799999999	0.02434792	0.27971845119999994	0.0116276784
4.275475475475475	0.9727968	0.02357288	2.0555814400000005	0.006484446399999999
4.281381381381381	0.97670016	0.02330256	0.2790381568	0.020053241599999997
4.287287287287287	0.9700838399999999	0.023433119999999998	0.5271994367999999	0.015133446399999997
4.2931931931931935	0.95021952	0.01944256	0.2625062912	0.0235970816
4.299099099099099	0.95488	0.0212556	0.2802688	0.06513387999999999
4.305005005005005	0.96804288	0.02551616	0.6130591232	0.0923870336
4.310910910910911	0.95061376	0.0224932	0.40300769280000026	0.012105399999999997
4.316816816816817	0.950512	0.02655784	0.23153024	0.027576593599999994
4.322722722722722	0.9400768	0.02580864	0.33817087999999995	0.04056661760000001
4.328628628628628	0.94296128	0.02117256	0.7770097152000001	0.045598801600000016
4.3345345345345345	0.95995584	0.02527232	0.5998765567999998	0.1166415744
4.340440440440441	0.94778816	0.0203644	0.26083015680000005	0.017341559999999995
4.346346346346346	0.9584825600000001	0.023692240000000003	0.18920750079999998	0.0211591856
4.352252252252252	0.9489715200000001	0.01971216	1.0605248511999998	0.1578742336
4.358158158158158	0.9391916800000001	0.025176080000000003	0.43901598719999996	0.025531038400000004
4.364064064064064	0.921088	0.02585912	0.2031616	0.023343646399999998
4.3699699699699694	0.9419232	0.02758952	0.18664831999999995	0.024470302399999998
4.375875875875876	0.93108096	0.023919040000000003	0.4167272447999999	0.1961002496
4.381781781781782	0.9269632	0.0194212	0.34296831999999994	0.0820926
4.387687687687688	0.92441216	0.02086584	1.4514771968	0.0168722736
4.393593593593593	0.9236448	0.02155528	1.1264960000000002	0.1120496304
4.399499499499499	0.9219372800000001	0.02577536	0.19057515519999996	0.0233086976
4.405405405405405	0.91424192	0.01832184	0.5018363392000001	0.0879925936
4.411311311311311	0.9356736	0.01619736	1.7937356799999997	0.06227617759999999
4.4172172172172175	0.93033152	0.02199688	0.31055109119999996	0.013920286400000004
4.423123123123123	0.9184896	0.02238472	1.93229824	0.0100646704
4.429029029029029	0.91948352	0.024194720000000003	0.4664960512	0.0543639104
4.434934934934935	0.9280940799999999	0.02246032	0.37020113920000003	0.0784186944
4.440840840840841	0.94335808	0.02051624	1.2278011392	0.0402596656
4.446746746746746	0.9226816	0.017159599999999997	0.22658560000000005	0.02905644
4.452652652652652	0.92228928	0.01836896	0.36275051519999996	0.031834009600000004
4.4585585585585585	0.89714944	0.022454560000000002	0.49536942080000007	0.054299321600000006
4.464464464464465	0.9133152	0.020467759999999998	0.23595391999999996	0.013431185600000001
4.47037037037037	0.91918464	0.02112208	0.6900594687999999	0.06556147839999998
4.476276276276276	0.92665664	0.025147279999999998	0.6073599487999999	0.03244675039999999
4.482182182182182	0.90704512	0.02117744	0.1972242432	0.0121425216
4.488088088088088	0.917744	0.02286576	0.31377792	0.0140744256
4.4939939939939935	0.93257024	0.019209439999999998	0.20706401280000006	0.0441847616
4.4998998998999	0.9086368	0.020009759999999998	0.2751833599999999	0.010842425599999995
4.505805805805806	0.90945984	0.02167696	0.9131283967999999	0.08542552960000001
4.511711711711712	0.9067443199999999	0.02420904	0.6034870271999999	0.0065598895999999995
4.517617617617617	0.90686528	0.02115912	0.39689067519999993	0.0726050864
4.523523523523523	0.89182272	0.02221728	0.6808765952000004	0.04151223040000001
4.529429429429429	0.90744	0.01787128	0.77626752	0.0059773104
4.535335335335335	0.90522048	0.01907016	0.31718661119999997	0.0230127536
4.5412412412412415	0.92032256	0.02220808	0.24137646080000005	0.025402078400000003
4.547147147147147	0.8947584000000001	0.01454656	0.9646694399999999	0.006572761600000001
4.553053053053053	0.92038016	0.021928720000000002	0.3527866368000001	0.007080670399999999
4.558958958958959	0.9021056	0.01933584	0.4000768	0.03620159359999999
4.564864864864865	0.86939648	0.023080080000000003	0.32968581120000007	0.015625758400000002
4.57077077077077	0.90175488	0.02031344	0.5653983232	0.0397479616
4.576676676676676	0.8799699200000001	0.019137759999999997	1.3744686592000006	0.0627601856
4.5825825825825826	0.89653952	0.02095472	0.32893189119999994	0.005080070400000001
4.588488488488489	0.90670144	0.02194864	0.3999569408	0.0094211776
4.594394394394394	0.8781984	0.018799439999999997	0.5373580800000001	0.010372561600000002
4.6003003003003	0.8897676800000001	0.02163056	2.4029775872	0.0245572416
4.606206206206206	0.8799904000000001	0.01768656	0.15348096	0.09846316160000002
4.612112112112112	0.8613632	0.01952096	0.76903424	0.10280936959999999
4.6180180180180175	0.8603455999999999	0.02621224	0.5712128000000001	0.007142865600000001
4.623923923923924	0.8797683199999999	0.023584	0.6925699071999998	0.01442528
4.62982982982983	0.87056064	0.0221568	0.7684351487999999	0.01781824
4.635735735735736	0.8767168000000001	0.02155696	0.22708735999999993	0.01582808959999999
4.641641641641642	0.88295168	0.01675896	0.3428995072	0.04959956959999999
4.647547547547547	0.8868896	0.02085312	1.5571699199999998	0.0333598464
4.653453453453453	0.88345472	0.02193704	0.7956477952	0.021559569599999998
4.659359359359359	0.89977088	0.016676	0.1399775232	0.02138736
4.6652652652652655	0.853536	0.01459552	0.98857472	0.0702637824
4.671171171171171	0.8716288000000001	0.01545072	1.23547648	0.0078986304
4.677077077077077	0.86892224	0.02061648	2.1160150528000004	0.023240902400000003
4.682982982982983	0.8716569599999999	0.02047344	0.17615380479999995	0.0605860416
4.688888888888889	0.85838656	0.014526879999999999	1.2527236607999996	0.05647648640000002
4.694794794794794	0.88554688	0.01756	1.0941548032	0.01118944
4.7007007007007005	0.86773952	0.01781856	0.6309402112	0.0220143616
4.706606606606607	0.86932736	0.0226228	0.5224767488	0.04070284
4.712512512512513	0.8719808	0.020592720000000002	0.20275711999999993	0.0340768304
4.718418418418418	0.867056	0.01706888	0.10929536	0.0640422064
4.724324324324324	0.84941824	0.021469759999999997	0.8686256128000002	0.0280147456
4.73023023023023	0.8595392	0.01774448	0.3418367999999999	0.022904262400000003
4.736136136136136	0.8507699200000001	0.016226479999999998	1.3090107391999999	0.0314434224
4.7420420420420415	0.8732236800000001	0.01961752	0.25884958719999995	0.0805583024
4.747947947947948	0.8587398399999999	0.01717496	0.8024032768000001	0.30119348960000003
4.753853853853854	0.85275712	0.01786376	0.4876191231999999	0.040326865600000004
4.75975975975976	0.86163392	0.02252144	0.3226363392	0.0363678016
4.765665665665666	0.8574694399999999	0.01394824	3.8630699008000007	0.0313124656
4.771571571571571	0.8643264	0.01916872	0.17415680000000006	0.009085150399999999
4.777477477477477	0.8783936	0.01729432	0.21132800000000002	0.005772894400000002
4.783383383383383	0.8534784	0.01689784	0.25122816	0.059281233600000004
4.7892892892892895	0.85623552	0.01813408	0.16659333119999997	0.037207078399999996
4.795195195195195	0.8576870400000001	0.01833504	0.1706651648	0.0065904896
4.801101101101101	0.8490528	0.01433528	1.11901056	0.0523385904
4.807007007007007	0.843712	0.015534	0.43021312	0.020707
4.812912912912913	0.84491264	0.01626288	0.8894681087999999	0.0045795264
4.818818818818818	0.8520761600000001	0.01442736	0.42145479680000003	0.0124579776
4.8247247247247245	0.83743872	0.016686720000000002	0.3131697151999999	0.0194946304
4.830630630630631	0.83332224	0.014485280000000001	0.37047521280000006	0.0077482304
4.836536536536537	0.84872896	0.018021279999999997	0.1710069248	0.020043910400000007
4.842442442442442	0.84562688	0.016780080000000003	0.6821138432000001	0.054942878399999985
4.848348348348348	0.83836736	0.01432416	0.19346938880000009	0.0369675136
4.854254254254254	0.84595136	0.015987440000000002	0.5974578687999998	0.019745361599999997
4.86016016016016	0.8359878399999999	0.01790104	0.4873082368	0.0150302896
4.8660660660660655	0.8335551999999999	0.01610832	0.15517184	0.10436013440000001
4.871971971971972	0.80938048	0.01700768	1.2440294912	0.007492774399999999
4.877877877877878	0.83498496	0.01739112	1.0969243648	0.020224286400000003
4.883783783783784	0.8450380799999999	0.01978072	0.16403537920000003	0.010083230400000002
4.88968968968969	0.83826752	0.01451112	0.3281843712	0.006636446400000003
4.895595595595595	0.82873984	0.015543040000000001	0.5565933568	0.020250329600000002
4.901501501501501	0.83098112	0.013678639999999999	0.2768658432	0.021098257599999996
4.907407407407407	0.8519923199999999	0.01643288	0.38259486719999997	0.06794428639999998
4.913313313313314	0.8320761600000001	0.015157760000000001	1.4693959168	0.009739865600000001
4.919219219219219	0.8297376	0.01466624	0.22720896000000007	0.008969305599999998
4.925125125125125	0.83673728	0.01385488	0.7135434752	0.014564166399999995
4.931031031031031	0.8303027199999999	0.01221248	0.12957163519999998	0.03639754239999999
4.936936936936937	0.85854336	0.01909712	0.23662202880000002	0.007998726399999996
4.942842842842842	0.8198816	0.02074984	0.18440576000000003	0.0544399536
4.9487487487487485	0.82716416	0.017197439999999998	0.32156999680000004	0.06133340159999999
4.954654654654655	0.82897408	0.0171484	0.3732078592	0.008670839999999999
4.960560560560561	0.81534656	0.015088959999999998	0.3349739008	0.0377373696
4.966466466466466	0.8191456	0.01867736	1.54475904	0.058913617599999996
4.972372372372372	0.82454272	0.018883439999999998	1.2918218752000004	0.013514961600000002
4.978278278278278	0.8032384	0.0125792	0.14057472000000001	0.0066467199999999975
4.984184184184184	0.8008620799999999	0.010562879999999998	1.2916270592	0.008120486399999998
4.99009009009009	0.82343744	0.0156296	0.7278724608000001	0.06652367999999999
4.995995995995996	0.81383424	0.01376408	0.27780833280000006	0.0397172784
5.001901901901902	0.81772672	0.01718264	0.47805419520000003	0.0805091376
5.007807807807808	0.8182950400000001	0.01692232	0.3828635647999999	0.0176820144
5.013713713713714	0.79412672	0.01091616	0.4620170752	0.007877273599999998
5.019619619619619	0.81554944	0.0145284	0.5189623808	0.013606519999999997
5.025525525525525	0.81232064	0.0161064	0.7103641087999998	0.0127384
5.0314314314314315	0.7956595200000001	0.01508216	1.1299981312	0.021969233599999992
5.037337337337338	0.81115968	0.014368959999999998	0.9212175871999999	0.0112093696
5.043243243243243	0.80676288	0.013442319999999999	0.22111288320000008	0.06282601440000002
5.049149149149149	0.82026048	0.01572656	0.3285018112	0.0833841216
5.055055055055055	0.80731456	0.010197600000000001	0.3125687808	0.018542879999999998
5.060960960960961	0.78646528	0.010762879999999999	0.8239972352000001	0.003553766400000001
5.066866866866866	0.77899136	0.014095040000000001	0.4737599488000001	0.0106631296
5.0727727727727725	0.80458176	0.01402296	0.22287457280000006	0.005410129599999999
5.078678678678679	0.8010368	0.011625040000000001	0.18141184	0.0649013296
5.084584584584585	0.7930995200000001	0.01484768	0.16418181119999997	0.011575334399999995
5.09049049049049	0.8017408	0.01378416	1.5141376000000004	0.0072147136
5.096396396396396	0.8088716800000001	0.0113184	0.5107689472	0.09815200000000002
5.102302302302302	0.77193216	0.01241864	0.3845971968	0.013477777600000003
5.108208208208208	0.78714816	0.01551632	0.6490695167999998	0.013617094400000002
5.114114114114114	0.79390592	0.01415048	0.6687598592	0.0070357424
5.12002002002002	0.8046944	0.016526	0.5747443199999999	0.020272759999999997
5.125925925925926	0.7988550400000001	0.01089192	1.1367208448	0.0095380784
5.131831831831832	0.79487936	0.01262344	0.06978042879999999	0.0092999216
5.137737737737738	0.79840896	0.01035232	0.29292564479999994	0.0425138944
5.143643643643643	0.7960710400000001	0.01334264	3.2182158847999998	0.1077078576
5.149549549549549	0.80027904	0.01632952	1.6143925247999997	0.011569502400000002
5.1554554554554555	0.783568	0.01151424	0.20198784	0.0383961856
5.161361361361362	0.81779968	0.01004888	0.2980790272	0.0049244464
5.167267267267267	0.7849888	0.00940456	0.8186816000000001	0.049553361600000005
5.173173173173173	0.809776	0.01684336	0.14969216	0.0060842176
5.179079079079079	0.78742528	0.01282008	0.3413553151999999	0.010579678399999999
5.184984984984985	0.7841683199999999	0.01552624	0.6848271872000002	0.004879865599999999
5.19089089089089	0.77183808	0.01471616	0.4003067392000001	0.05726287360000001
5.1967967967967965	0.8086464	0.01159368	0.3551692800000001	0.10123273440000001
5.202702702702703	0.7768742399999999	0.01339952	0.1130825728	0.005945222399999999
5.208608608608609	0.77278656	0.01135144	0.3774903808	0.013883921600000002
5.214514514514514	0.79843584	0.01378448	1.2174266368	0.010956102399999999
5.22042042042042	0.7597888	0.012481520000000001	0.8913459200000001	0.024116382399999997
5.226326326326326	0.7702963199999999	0.012052879999999998	0.4666294272	0.06173052639999999
5.232232232232232	0.77707648	0.014698959999999999	0.3095795711999999	0.010726929599999997
5.2381381381381384	0.75822848	0.01592456	0.5816922112	0.0079639216
5.244044044044044	0.78941952	0.014366	0.31287173120000006	0.024353080000000003
5.24994994994995	0.7704972800000001	0.0137164	0.13816811520000002	0.006331
5.255855855855856	0.77505024	0.01347584	1.3862166528	0.0172484736
5.261761761761762	0.7625747199999999	0.01300256	0.23258987520000005	0.06614364160000001
5.267667667667667	0.78099584	0.01255944	2.7559200768	0.0213216816
5.273573573573573	0.78762368	0.01296	0.6218934272	0.0064147200000000005
5.2794794794794795	0.77384704	0.01433448	0.0781672448	0.0260200624
5.285385385385386	0.77331008	0.01549072	1.4132270591999998	0.007222790400000001
5.291291291291291	0.7769036800000001	0.016652	0.8211587072	0.015547040000000002
5.297197197197197	0.78257344	0.01411104	0.2377041408	0.011090649600000002
5.303103103103103	0.75595968	0.01431104	0.43437726720000003	0.0347434496
5.309009009009009	0.77747904	0.01204232	0.4523714047999997	0.0138388144
5.314914914914914	0.7769529599999999	0.0163104	0.19752852479999997	0.005959999999999997
5.3208208208208205	0.75802624	0.01332752	0.6469296128	0.0057532224
5.326726726726727	0.76092032	0.01303296	2.6873833472000004	0.0495898496
5.332632632632633	0.77422784	0.014926159999999999	0.8995706367999997	0.011320593599999996
5.338538538538539	0.7478208000000001	0.01173024	0.22372863999999992	0.016543385600000002
5.344444444444444	0.7655616	0.01417944	1.4749951999999995	0.016263761599999996
5.35035035035035	0.7660723199999999	0.01205408	0.31962398719999996	0.040193638399999995
5.356256256256256	0.7701990400000001	0.0138204	1.1527016447999998	0.0426606
5.3621621621621625	0.7641196800000001	0.011297360000000001	0.3662505472000001	0.0189561776
5.368068068068068	0.76563904	0.0130388	0.9187214847999997	0.0037815599999999998
5.373973973973974	0.75381888	0.01704632	0.2594424832	0.009394334399999999
5.37987987987988	0.7505824	0.01498344	1.3750412799999998	0.0054772016
5.385785785785786	0.7539910400000001	0.01152224	2.1600347648	0.004108825599999999
5.391691691691691	0.75605312	0.01473296	1.0019231231999999	0.013410809599999997
5.397597597597597	0.73273024	0.007002	0.9376265727999998	0.02365548
5.4035035035035035	0.74481728	0.0161136	0.6342641152000001	0.10227040000000003
5.40940940940941	0.7600544	0.01272688	1.1346777599999998	0.0315334464
5.415315315315315	0.76570368	0.010211360000000001	0.15199518719999996	0.013180217600000006
5.421221221221221	0.75059328	0.0116136	0.20312043519999992	0.0051592
5.427127127127127	0.7502342399999999	0.011243040000000001	0.09593953279999998	0.0174690496
5.433033033033033	0.74910016	0.01468328	0.22100679680000004	0.013805470399999999
5.438938938938938	0.73695168	0.00928392	0.4172150272000001	0.024423198400000005
5.4448448448448445	0.7329631999999999	0.011389040000000001	0.13013376	0.017721809599999992
5.450750750750751	0.75322432	0.00848752	0.1075881472	0.0261749824
5.456656656656657	0.7543065600000001	0.008884079999999999	0.7067947008000001	0.012009438400000001
5.462562562562563	0.73435648	0.01217936	1.0301530112	0.05181125760000001
5.468468468468468	0.72027648	0.00908312	0.28231557120000006	0.0595570864
5.474374374374374	0.75113984	0.01258392	0.9478791168000001	0.06915439840000001
5.48028028028028	0.75472512	0.00936576	0.5950892032000001	0.007978265599999998
5.4861861861861865	0.75428544	0.01001976	0.16186670079999999	0.1474139056
5.492092092092092	0.73711552	0.007227600000000001	1.6969549312	0.01324268
5.497997997997998	0.73932736	0.00753776	0.48880122879999993	0.0377035456
5.503903903903904	0.75771328	0.01280768	1.0995901952000002	0.006027174400000001
5.50980980980981	0.72616128	0.01478232	0.16890731519999996	0.003683294400000001
5.515715715715715	0.7372249599999999	0.01293616	0.17347604479999998	0.1006588736
5.521621621621621	0.7318758399999999	0.011383520000000001	0.20736327680000002	0.046649542399999994
5.5275275275275275	0.74052864	0.008437120000000001	0.5425983488	0.07638288639999999
5.533433433433434	0.72654144	0.01008768	0.6513694207999999	0.015591974399999998
5.539339339339339	0.75072448	0.014418879999999999	1.3150234111999999	0.010945766400000001
5.545245245245245	0.74981248	0.01141232	0.2760947711999999	0.014725894400000005
5.551151151151151	0.71019392	0.00912184	0.7109076991999996	0.0533209136
5.557057057057057	0.7140864	0.0088796	0.96400384	0.0190078
5.562962962962962	0.71697088	0.00983328	0.27908152320000007	0.0888754304
5.568868868868869	0.74049088	0.00758704	0.7636178431999999	0.013549689600000001
5.574774774774775	0.7340979200000001	0.00830296	0.40112209919999997	0.0242907696
5.580680680680681	0.70915648	0.013360799999999999	1.1238221311999999	0.0035854399999999988
5.586586586586587	0.72981376	0.0107464	1.3646256128	0.02048016
5.592492492492492	0.728592	0.01030808	0.51151232	0.0092235184
5.598398398398398	0.7221696	0.00897736	0.31656448000000004	0.017810577600000002
5.604304304304304	0.70950336	0.010932319999999999	0.5032089088	0.014503494399999999
5.6102102102102105	0.7093670400000001	0.01298584	0.6795061247999998	0.0080098736
5.616116116116116	0.71490688	0.01310432	0.4378335232000001	0.008661734399999997
5.622022022022022	0.7251328	0.010722639999999999	0.31418368	0.008142097600000002
5.627927927927928	0.7098169599999999	0.01329712	0.13085588479999996	0.027966086399999996
5.633833833833834	0.71889664	0.01145688	0.6612287488	0.08431228640000003
5.639739739739739	0.73135552	0.00866016	0.3980416512	0.015251033599999997
5.645645645645645	0.69245696	0.00859384	0.6638542847999999	0.011823313600000001
5.6515515515515515	0.70263744	0.0112864	0.46442798080000014	0.0057398399999999995
5.657457457457458	0.6907456	0.01611936	0.3604121600000001	0.1008360576
5.663363363363363	0.7093523199999999	0.01087808	0.5739484672000001	0.006486438399999997
5.669269269269269	0.72581184	0.0146456	0.4930323968	0.05217391999999999
5.675175175175175	0.69667136	0.012708239999999999	0.6877439487999999	0.10160398559999999
5.681081081081081	0.6856070400000001	0.01311416	0.6325544448	0.009369873599999998
5.686986986986987	0.72187712	0.010418879999999998	0.38487096319999997	0.021784166400000003
5.692892892892893	0.7066208	0.00895336	0.36853119999999984	0.0350928176
5.698798798798799	0.70328064	0.012203120000000001	0.6070796288000001	0.047984926399999996
5.704704704704705	0.72060352	0.01053832	0.6170445312000001	0.0093591344
5.710610610610611	0.71607424	0.01242096	2.0299593727999996	0.0291330496
5.716516516516516	0.6940243199999999	0.009178799999999999	1.0120873472	0.01840108
5.722422422422422	0.73423168	0.008907680000000001	0.19849886719999993	0.0211204544
5.728328328328328	0.71564992	0.009328	0.2647188992	0.0074048000000000004
5.7342342342342345	0.70217792	0.010569760000000001	0.1695176192	0.014187065599999998
5.74014014014014	0.6919065600000001	0.01024544	0.26506158080000003	0.016578201600000002
5.746046046046046	0.71336448	0.00694312	0.48753541120000005	0.023523166400000003
5.751951951951952	0.7099641600000001	0.007915199999999999	0.1969530368	0.03980960000000001
5.757857857857858	0.7259808000000001	0.0068864	0.3643225600000001	0.025498239999999995
5.763763763763763	0.6908454399999999	0.00816528	0.44802478079999986	0.009051910399999998
5.769669669669669	0.69705536	0.01484464	0.1807615488000001	0.11138629759999999
5.7755755755755755	0.68671552	0.012369040000000001	0.6017152511999999	0.0107685296
5.781481481481482	0.71321536	0.00698616	0.5660620288	0.04824795359999999
5.787387387387387	0.69453888	0.008943600000000001	0.23381048320000003	0.007434359999999998
5.793293293293293	0.6839071999999999	0.01082544	0.27853184	0.02994508159999999
5.799199199199199	0.6854975999999999	0.00782384	0.8992409599999998	0.0213711936
5.805105105105105	0.6994815999999999	0.0096392	0.80630784	0.037396
5.811011011011011	0.7153203199999999	0.00990408	0.4342198272	0.009807838400000001
5.816916916916917	0.711904	0.0102156	2.3061043199999998	0.11519724
5.822822822822823	0.70775104	0.010423680000000001	0.3922626048	0.006122214400000002
5.828728728728729	0.69526848	0.00800216	0.31700229119999995	0.062429713600000006
5.834634634634635	0.68865024	0.01168848	0.5816700927999998	0.11277978240000003
5.84054054054054	0.6975020799999999	0.0085272	0.30121425920000006	0.011712799999999999
5.846446446446446	0.69969984	0.0062013599999999995	0.3388691968	0.0096480176
5.852352352352352	0.67763136	0.00511496	0.49583610879999995	0.0063384496
5.8582582582582585	0.6878976	0.0060132	0.5190348800000001	0.025008119999999995
5.864164164164164	0.68591424	0.01253568	0.8879932928000001	0.016896934399999997
5.87007007007007	0.67856	0.009893840000000001	0.46747136	0.007044753600000001
5.875975975975976	0.70430144	0.01102032	0.26203438079999997	0.0180631744
5.881881881881882	0.69166336	0.01042552	0.9821401087999999	0.06571734239999999
5.887787787787787	0.69057216	0.00807856	0.21082823680000004	0.010257081599999999
5.8936936936936934	0.7163974399999999	0.01057624	0.22751534079999997	0.0128427056
5.8995995995996	0.6803935999999999	0.00848312	0.4608755199999999	0.020352286399999996
5.905505505505506	0.6940096	0.008976399999999999	0.59328	0.04378123999999999
5.911411411411411	0.6709734399999999	0.00814296	0.5462212607999999	0.033046929600000004
5.917317317317317	0.68659072	0.00887544	0.7316682751999999	0.008333841600000001
5.923223223223223	0.6803769599999999	0.009432399999999999	0.37578644480000006	0.033312440000000006
5.929129129129129	0.6938470400000001	0.00850904	0.6273486848	0.0242958896
5.935035035035035	0.6814912	0.00751352	0.7153100800000002	0.0530946224
5.940940940940941	0.66245312	0.01043136	1.3917906432000002	0.015353497600000002
5.946846846846847	0.68083136	0.00769096	0.15508986880000006	0.0183272496
5.952752752752753	0.6762815999999999	0.00923536	0.23910912000000004	0.0092941376
5.958658658658659	0.6732486400000001	0.0074224	0.45723130879999985	0.014494400000000001
5.964564564564564	0.6584128	0.0055997600000000005	0.23910911999999995	0.007259985599999999
5.97047047047047	0.6892780799999999	0.011368399999999999	0.7482721791999999	0.00601484
5.976376376376376	0.67994816	0.0138856	1.1302778368000004	0.013492
5.9822822822822825	0.6633228800000001	0.00877464	0.7336466432	0.024012177600000004
5.988188188188188	0.6786547199999999	0.0081532	0.9300477952000002	0.0050686
5.994094094094094	0.65622016	0.010009520000000001	0.9098784767999998	0.019721182400000002
6.0	0.67822656	0.0066492	0.1997547008	0.016746360000000002
