Temperature	Energy	Magnetization	Specific heat	Susceptibility
0.1	8.00000000000127	1.0	1.6543612251060554e-27	0.0
0.10590590590590591	8.00000000000127	1.0	1.6543612251060554e-27	0.0
0.11181181181181182	8.00000000000127	1.0	1.6543612251060554e-27	0.0
0.11771771771771772	8.00000000000127	1.0	1.6543612251060554e-27	0.0
0.12362362362362363	8.00000000000127	1.0	1.6543612251060554e-27	0.0
0.12952952952952954	8.00000000000127	1.0	1.6543612251060554e-27	0.0
0.13543543543543546	8.00000000000127	1.0	1.6543612251060554e-27	0.0
0.14134134134134135	8.00000000000127	1.0	1.6543612251060554e-27	0.0
0.14724724724724725	7.996800000001272	0.9998	1.4889251025954497e-26	0.0
0.15315315315315317	7.99942400000127	0.999964	0.0030228480000030924	5.903999999999999e-05
0.15905905905905907	8.00000000000127	1.0	1.6543612251060554e-27	0.0
0.164964964964965	7.99360000000127	0.9996	1.6543612251060554e-27	0.0
0.17087087087087088	7.995808000001271	0.9997379999999999	0.004380672000002797	8.556e-05
0.17677677677677678	7.994592000001268	0.999662	0.004380672000006971	8.556e-05
0.18268268268268267	7.99840000000127	0.9999	0.0051200000000030275	0.0001
0.1885885885885886	7.99180800000127	0.9994879999999999	0.0050462720000022925	9.856e-05
0.19449449449449452	7.994400000001267	0.99965	0.005478400000004731	0.00010700000000000001
0.2004004004004004	7.988128000001264	0.999258	0.06565683200001242	0.00128236
0.2063063063063063	7.98209600000126	0.9988020000000001	0.005088768000003722	0.00017995999999999992
0.2122122122122122	7.983120000001263	0.9989299999999999	0.01007360000001126	0.00024300000000000002
0.21811811811811813	7.975776000001258	0.998352	0.08499404800010749	0.0018889599999999994
0.22402402402402405	7.965712000001255	0.99784	0.030131712000032944	0.0006960000000000002
0.22992992992992994	7.981536000001264	0.9988459999999999	0.05605580800002554	0.0010948399999999997
0.23583583583583584	7.956912000001253	0.997116	0.05235251200004244	0.0006734400000000001
0.24174174174174176	7.950960000001246	0.996814	0.04529920000005252	0.0008900400000000001
0.24764764764764766	7.9302560000012345	0.9954860000000001	0.02878412800002765	0.0011380399999999999
0.2535535535535536	7.9193280000012365	0.9946860000000001	0.05152563200003552	0.00102604
0.2594594594594595	7.938432000001241	0.99598	0.10193715200005041	0.002412000000000001
0.26536536536536537	7.890352000001216	0.9928600000000001	0.05780019200005881	0.001268
0.27127127127127126	7.876720000001218	0.9912620000000001	0.13326080000010332	0.003469559999999999
0.27717717717717716	7.877536000001218	0.992036	0.09066700800006558	0.00193904
0.2830830830830831	7.860016000001209	0.99056	0.11801548800013512	0.0020239999999999998
0.288988988988989	7.891392000001214	0.9927940000000001	0.07723827200008695	0.0018596400000000007
0.2948948948948949	7.831840000001191	0.988766	0.22993920000028123	0.0028804399999999997
0.30080080080080085	7.791984000001178	0.98588	0.39214028800026435	0.014352000000000004
0.30670670670670674	7.796128000001178	0.9861559999999999	0.12453683200004545	0.006092640000000002
0.31261261261261264	7.766416000001156	0.98264	0.31134668800045406	0.010464
0.31851851851851853	7.74976000000117	0.9817940000000001	0.6111232000007495	0.028875640000000004
0.32442442442442443	7.680048000001135	0.977002	0.3659217920003365	0.010531960000000007
0.3303303303303303	7.640256000001113	0.9749680000000001	0.4417249280003281	0.014877759999999999
0.3362362362362362	7.591792000001089	0.970384	0.5750430720006947	0.015477440000000002
0.34214214214214217	7.55276800000108	0.9678040000000001	0.5172715520000463	0.016535839999999996
0.34804804804804806	7.513952000001079	0.96285	0.5766737920005929	0.027395
0.353953953953954	7.522160000001058	0.9634459999999999	0.3980672000003192	0.00690284
0.3598598598598599	7.39548800000101	0.950824	0.1663365120001216	0.00973024
0.3657657657657658	7.403568000001014	0.956448	0.2898795520004616	0.007736959999999999
0.3716716716716717	7.365056000000993	0.9535020000000001	0.6637281280005719	0.01992396000000001
0.3775775775775776	7.231808000000969	0.93878	0.49451827199999177	0.04737200000000001
0.3834834834834835	7.174000000000947	0.930732	0.5557632000002484	0.026809759999999995
0.3893893893893894	7.019328000000876	0.91575	0.6873784320005059	0.024731
0.3952952952952953	7.071120000000928	0.922222	1.843648000001374	0.07921516
0.4012012012012012	7.017344000000873	0.920808	1.018441728000756	0.052639359999999996
0.4071071071071072	6.873408000000827	0.9005139999999999	0.7095582720002699	0.05721003999999999
0.4130130130130131	6.753760000000809	0.8817200000000001	1.483008000001324	0.05557600000000001
0.41891891891891897	6.731184000000793	0.889318	0.7534074880007272	0.03005676
0.42482482482482486	6.562784000000736	0.8627040000000001	2.308569088000757	0.09105184000000002
0.43073073073073076	6.531168000000716	0.8521	2.1781483520009584	0.062932
0.43663663663663665	6.209456000000655	0.776192	0.4783201280002923	0.10009536000000002
0.44254254254254255	6.099072000000652	0.7467199999999999	2.0216504320014637	0.11134399999999996
0.44844844844844844	5.940512000000624	0.766996	3.165427712002517	0.11936784
0.45435435435435434	6.041872000000613	0.758174	3.5253304320014274	0.16940523999999998
0.46026026026026023	5.6609280000005215	0.673248	0.31587123200011485	0.07180896
0.46616616616616624	5.490144000000528	0.601004	3.4076897280011735	0.03893584000000001
0.47207207207207214	5.343568000000433	0.57405	0.3916651520001723	0.24693099999999998
0.47797797797797803	5.027376000000442	0.468196	0.8874900480000214	0.16828784
0.4838838838838839	4.718288000000451	0.242858	1.720755712000472	0.12282636000000002
0.4897897897897898	4.655872000000404	0.28916	1.9625656319995695	0.18087999999999999
0.4956956956956957	4.776192000000456	0.373882	0.5712158720002097	0.13400876
0.5016016016016016	4.444048000000443	0.280332	0.7036369920001827	0.09400176000000002
0.5075075075075075	4.34452800000045	0.145906	2.44408883200032	0.24531563999999997
0.5134134134134134	4.205248000000442	0.15991	0.970657792000029	0.202667
0.5193193193193193	4.181952000000448	0.154618	0.5137489919999949	0.11970476
0.5252252252252253	4.267424000000454	0.12878	1.844021248000022	0.12153200000000004
0.5311311311311312	4.096672000000449	0.025297999999999998	1.2846264319999732	0.14880396000000004
0.5370370370370371	3.854704000000401	0.036930000000000004	2.043667968000831	0.33728300000000005
0.542942942942943	3.8065920000003937	0.07188	1.6714014720008488	0.210416
0.5488488488488489	3.707088000000377	0.013175999999999998	2.1976325120010767	0.07349824000000002
0.5547547547547548	3.729600000000376	0.132364	2.0606976000009363	0.56490704
0.5606606606606607	3.570544000000347	0.031194	1.942947328000916	0.51413964
0.5665665665665666	3.568688000000335	0.012830000000000001	3.8463749120015955	0.14185899999999999
0.5724724724724725	3.4329920000003167	0.009342	1.4853918720006722	0.19382636000000003
0.5783783783783784	3.412640000000309	0.025102	0.8218112000003133	0.5368839599999999
0.5842842842842844	3.4561280000003154	0.0037359999999999997	1.487122432000615	0.07480704
0.5901901901901903	3.307312000000291	0.001756	2.7044101120009043	0.02238064
0.5960960960960962	3.204704000000269	0.03297	0.5440327680003352	0.13139500000000004
0.602002002002002	3.177616000000257	0.051586	2.125465088000921	0.14152203999999996
0.6079079079079079	3.2825600000002866	0.025486	2.071961600000878	0.08181004
0.6138138138138138	3.1704640000002673	0.060860000000000004	0.8106414080004635	0.10465999999999999
0.6197197197197197	3.0336800000002375	0.002932	1.493337600000723	0.03937776
0.6256256256256256	3.015808000000228	0.020144	1.5493406720007048	0.11207264000000003
0.6315315315315315	2.9575200000002186	0.053337999999999997	2.187712000000801	1.65219756
0.6374374374374374	3.072224000000245	0.017668	1.0978324480005515	0.57852176
0.6433433433433433	3.050944000000243	0.032077999999999995	3.9538401280013127	1.3846551599999997
0.6492492492492492	2.8388640000001946	0.010564	2.5598254080011915	0.46879504000000005
0.6551551551551552	2.950912000000223	0.012766	3.917094912001011	0.20348844
0.6610610610610611	2.805024000000188	0.010974	2.265499648001059	0.14804524
0.666966966966967	2.7673280000001794	0.009096	1.6780472320006168	0.26623584
0.6728728728728729	2.873232000000203	0.029454	4.0770411520010965	0.46933484
0.6787787787787788	2.8147520000001927	0.019476	1.1059793920004457	0.33907824000000003
0.6846846846846847	2.646320000000156	0.010879999999999999	0.9629056000004109	0.18071199999999998
0.6905905905905906	2.6666400000001675	0.015041999999999998	1.3213056000006274	0.76894636
0.6964964964964965	2.652032000000158	0.013669999999999998	2.0565483520009216	0.235315
0.7024024024024024	2.687216000000163	0.028383999999999996	0.45849548800020373	0.4410054399999999
0.7083083083083083	2.615312000000149	0.019431999999999998	2.3229701120009936	0.14265376000000005
0.7142142142142143	2.6266880000001582	0.013637999999999999	2.3497605120006684	0.78851756
0.7201201201201202	2.5408640000001297	0.005994	3.2146350080014616	0.27249963999999993
0.7260260260260261	2.4907360000001244	0.007781999999999999	3.118519808001538	0.39416875999999995
0.731931931931932	2.4276000000001154	0.037587999999999996	3.2414080000012655	0.16351856
0.7378378378378379	2.5281600000001343	0.011758	2.4285696000005332	0.12711436
0.7437437437437437	2.585456000000149	0.00533	2.147644928001046	0.15361100000000003
0.7496496496496496	2.4179840000001125	0.024596	13.58849228800552	0.41428783999999996
0.7555555555555555	2.336656000000094	0.017454	2.4056929280012787	0.31245483999999996
0.7614614614614614	2.3777760000001003	0.029910000000000003	5.600654848002809	0.18233099999999997
0.7673673673673673	2.3125760000000835	0.01965	3.63648204800136	0.113907
0.7732732732732733	2.268880000000074	0.013878	3.90434560000193	0.5668711599999998
0.7791791791791792	2.3186560000000926	0.037438	1.1718369280005485	0.09666156000000001
0.7850850850850851	2.1518560000000586	0.01256	2.323260928000867	0.276336
0.790990990990991	2.1642400000000577	0.018624	3.3895808000017986	0.5526182399999999
0.7968968968968969	2.2905600000000863	0.00524	2.3981056000010095	0.078792
0.8028028028028028	2.299328000000085	0.027638	1.0089144320003778	0.22244556
0.8087087087087087	2.1411840000000497	0.0311	2.2487162880010683	0.40816399999999997
0.8146146146146146	2.182080000000058	0.02248	5.62319360000286	0.396952
0.8205205205205205	2.193328000000062	0.03698	1.3122616320006157	0.07257999999999998
0.8264264264264264	2.1825120000000613	0.008378	2.446976512001283	0.07847115999999998
0.8323323323323324	2.070448000000032	0.021481999999999998	3.409966592001489	0.27154476
0.8382382382382383	2.1108320000000504	0.00672	1.1686763520005687	0.097472
0.8441441441441442	2.159296000000054	0.034033999999999995	1.5978823680008607	0.37439244
0.8500500500500501	2.106720000000043	0.005984000000000001	1.9921408000005714	0.16786144
0.855955955955956	2.099616000000039	0.020276	2.3621242880010382	0.36808624
0.8618618618618619	2.0556800000000344	0.0053100000000000005	1.8013184000006142	0.107699
0.8677677677677678	2.0681440000000375	0.006808	1.641891328000402	0.06776735999999998
0.8736736736736737	1.923152000000027	0.008662000000000001	1.5654353919999422	0.6932935600000001
0.8795795795795796	2.070000000000039	0.019926	4.296537600001524	0.14140524
0.8854854854854856	1.9656960000000243	0.023744	3.8515015680004785	0.20158464000000004
0.8913913913913915	1.9339360000000314	0.007626000000000001	3.7742894080004605	0.24871724
0.8972972972972973	1.9741920000000253	0.00521	2.779919872000491	0.055211
0.9032032032032032	2.0254400000000303	0.017366	4.400998400000925	0.13916844
0.9091091091091091	1.94387200000003	0.016475999999999998	1.9887800320000342	0.73657424
0.915015015015015	1.8742880000000257	0.00379	3.601536512000567	0.04865100000000001
0.9209209209209209	1.8750560000000198	0.006592	4.103689728000648	0.28545536
0.9268268268268268	1.8363680000000226	0.00337	2.890839552000476	0.060635
0.9327327327327327	1.8776320000000228	0.010924	3.0828011520002265	0.31259024
0.9386386386386386	1.8654560000000229	0.012202	7.563580928001087	0.38203595999999995
0.9445445445445446	1.745232000000016	0.007304000000000001	2.74502195200038	0.12441184000000001
0.9504504504504505	1.7903040000000237	0.008278	1.3814599679999864	0.13143916
0.9563563563563564	1.8539680000000185	0.007821999999999999	3.1598443520006407	0.30899916
0.9622622622622623	1.775536000000021	0.01517	2.376734208000379	0.16281900000000002
0.9681681681681682	1.7919840000000282	0.009202	0.9501178880001332	0.3154679600000001
0.9740740740740741	1.828032000000021	0.008622	2.7711979520002115	0.36199116000000003
0.97997997997998	1.7326400000000133	0.005986	0.9146880000000995	0.08017003999999998
0.9858858858858859	1.7091520000000144	0.006374	3.0709329920005897	0.12783724
0.9917917917917918	1.7244960000000158	0.006412	0.7212743680001051	0.24599056
0.9976976976976977	1.7187680000000123	0.019686000000000002	1.8825067520000627	0.20160204000000004
1.0036036036036038	1.6995200000000157	0.011358	1.475276799999956	0.20704235999999995
1.0095095095095097	1.6828640000000137	0.008308	2.9333806080010905	0.057203359999999995
1.0154154154154156	1.6998880000000136	0.01123	4.359910912000163	0.5247470000000001
1.0213213213213215	1.6780640000000118	0.016844	2.2426926080002025	0.86862064
1.0272272272272274	1.6107040000000121	0.005052	1.8464455680002418	0.13240496
1.0331331331331333	1.6566560000000154	0.009646	3.8478945280002024	0.48517484000000005
1.0390390390390392	1.6647680000000127	0.019034	3.328151552000617	0.54759244
1.044944944944945	1.6043360000000109	0.013422	0.44782540800008264	0.31202315999999997
1.050850850850851	1.6536320000000182	0.019112	0.9535979520001832	0.9311225599999999
1.0567567567567568	1.6403200000000109	0.019706	0.596172800000067	0.19531563999999998
1.0626626626626627	1.680560000000013	0.011554	0.948467200000057	0.13465484
1.0685685685685686	1.6031680000000097	0.0045119999999999995	1.8743275520003069	0.21044255999999995
1.0744744744744745	1.5070880000000013	0.006326	2.019149311999972	0.17895724
1.0803803803803804	1.6490560000000107	0.0062759999999999995	2.540464128000214	0.15126224000000002
1.0862862862862863	1.5172960000000002	0.00543	1.4970567679999744	0.16417900000000002
1.0921921921921922	1.5238080000000043	0.007888	4.902377472000343	0.17779456000000002
1.098098098098098	1.595360000000011	0.005582	1.7986048000004458	0.11011276
1.1040040040040042	1.5420480000000023	0.006495999999999999	3.265697792000503	0.24233984
1.1099099099099101	1.543072000000004	0.030133999999999998	2.6524856320005052	0.26074444
1.115815815815816	1.6092800000000105	0.018422	2.9981696000002427	0.31014316
1.121721721721722	1.4766080000000008	0.003568	5.756854272000647	0.04850176
1.1276276276276278	1.3418879999999929	0.020419999999999997	2.695565312000428	0.75822
1.1335335335335337	1.3713919999999975	0.020772	3.0934302720007794	0.06888816
1.1394394394394396	1.4682399999999989	0.0075	1.2685696000002202	0.191724
1.1453453453453455	1.442256000000001	0.017644	1.334691328000343	0.21439663999999997
1.1512512512512514	1.4670720000000028	0.005956	1.2092088320000736	0.08270864000000001
1.1571571571571573	1.4461439999999948	0.010078	3.6334305280005497	0.14520716
1.1630630630630632	1.439871999999997	0.008681999999999999	2.6220216320003358	0.40283276
1.168968968968969	1.478432000000003	0.007398	0.6989803520001028	0.30236395999999993
1.174874874874875	1.3556319999999944	0.010838	4.335396352000439	0.6292295600000001
1.1807807807807809	1.355375999999992	0.016652	2.9730708480002646	0.29249295999999997
1.1866866866866868	1.4415840000000015	0.010276	2.0780538880001886	0.55299024
1.1925925925925926	1.4407840000000003	0.00556	1.611929088000472	0.15095200000000003
1.1984984984984985	1.4746560000000037	0.033530000000000004	3.367036928000032	0.190563
1.2044044044044044	1.4338239999999973	0.004638000000000001	1.7569812480000755	0.08966156000000002
1.2103103103103106	1.3681439999999931	0.020708	6.077859328000843	0.5407393599999999
1.2162162162162165	1.4251839999999965	0.005679999999999999	2.8754554880005054	0.3149119999999999
1.2221221221221223	1.2580799999999865	0.009418000000000001	2.405529600000284	0.62709676
1.2280280280280282	1.4293279999999962	0.007198	3.729618432000646	0.28396395999999996
1.2339339339339341	1.3850719999999948	0.006354	0.9735224320000779	0.17918284000000004
1.23983983983984	1.297807999999989	0.015694	3.6410014720003754	0.58987564
1.245745745745746	1.3823519999999896	0.007942	2.862228992000258	0.13933036000000001
1.2516516516516518	1.2727359999999857	0.009928	2.694289408000323	0.36144416
1.2575575575575577	1.251007999999985	0.007978	1.709903872000305	0.19828716
1.2634634634634636	1.385807999999991	0.010236	2.671478272000621	0.08377103999999999
1.2693693693693695	1.3643679999999936	0.016444	1.677911552000088	0.8829086399999998
1.2752752752752754	1.267855999999985	0.006444	1.5774817280002242	0.17743664000000003
1.2811811811811813	1.271919999999987	0.005124	5.965452800000586	0.08680623999999999
1.2870870870870872	1.2682079999999865	0.011087999999999999	3.5134110720005824	0.47435456000000015
1.292992992992993	1.2332959999999817	0.013584	1.9924679680002737	0.7802534400000001
1.298898898898899	1.3323519999999915	0.006328	2.251272192000175	0.21268415999999998
1.3048048048048049	1.3286719999999874	0.008206	1.2926136320002428	0.31651564000000004
1.3107107107107108	1.298479999999991	0.005786	4.7197568000010115	0.20611404000000003
1.3166166166166167	1.250495999999986	0.011909999999999999	3.8704455680006995	0.31464299999999995
1.3225225225225228	1.2100639999999847	0.003708	0.7232814080001378	0.10348336
1.3284284284284287	1.3333919999999908	0.0043619999999999996	2.3377566719999434	0.12789356
1.3343343343343346	1.186783999999982	0.005932	3.3678970880006145	0.17233776000000006
1.3402402402402405	1.2206079999999806	0.01516	2.67461427200038	0.452416
1.3461461461461464	1.270111999999983	0.012858000000000001	1.1336069120001595	0.30011435999999997
1.3520520520520523	1.2141439999999812	0.00643	2.674864128000342	0.127347
1.3579579579579582	1.1691679999999787	0.0040939999999999995	2.574321152000456	0.06896363999999999
1.363863863863864	1.2783839999999873	0.004476	1.2443130880001987	0.07653424
1.36976976976977	1.1867999999999792	0.007848	3.987289600000486	0.21279295999999995
1.3756756756756758	1.2172159999999845	0.019448	2.6429562880008253	0.96968896
1.3815815815815817	1.208527999999982	0.012214000000000001	2.109855232000329	0.18727404
1.3874874874874876	1.2288319999999846	0.003988	1.9125227520003758	0.10906256000000003
1.3933933933933935	1.2581279999999866	0.00456	2.311276032000417	0.075472
1.3992992992992994	1.1867519999999816	0.022902000000000002	3.8712401920007617	0.88406796
1.4052052052052053	1.1568639999999768	0.01672	1.7916846080000972	0.24940000000000004
1.4111111111111112	1.1966559999999844	0.008868000000000001	2.0542561280004867	0.33569776
1.417017017017017	1.1398399999999762	0.026251999999999998	1.0769408000002119	0.32516496000000006
1.422922922922923	1.176495999999982	0.006992	1.1865799680001474	0.39620735999999995
1.428828828828829	1.1197279999999759	0.026654	2.0191288320004275	0.24282283999999998
1.4347347347347348	1.1137439999999756	0.017981999999999998	0.9261153280001724	0.11739276
1.440640640640641	1.1818879999999807	0.003778	6.027046912001022	0.054863159999999994
1.4465465465465468	1.2070879999999828	0.005816	1.9851525120003246	0.12122144000000001
1.4524524524524527	1.1327839999999751	0.00558	3.160933888000491	0.259092
1.4583583583583586	1.1513439999999777	0.029586	6.257673728000989	0.53153804
1.4642642642642645	1.1296159999999766	0.017164	2.312447488000392	0.58930704
1.4701701701701704	1.0894879999999751	0.021936	2.1525765120004814	0.40135104
1.4760760760760763	1.1303359999999762	0.005464	11.92667340800129	0.20696704
1.4819819819819822	1.1162399999999755	0.009514	3.4387328000006065	0.13877004
1.487887887887888	1.1243519999999758	0.007488	2.9910097920004173	0.22021056000000003
1.493793793793794	1.0888959999999726	0.017554	1.6339271680001821	0.39757483999999993
1.4996996996996999	1.099231999999973	0.019625999999999998	1.9565547520002884	0.22880524
1.5056056056056057	1.140703999999976	0.01053	4.263098368000453	0.17333099999999999
1.5115115115115116	1.1850399999999808	0.003684	1.9700096000003593	0.06338544
1.5174174174174175	1.0457759999999698	0.007174	2.2153108480002337	0.19346124
1.5233233233233234	1.0246879999999712	0.0057399999999999994	3.148211711999976	0.112756
1.5292292292292293	1.1000639999999735	0.018019999999999998	5.456119808000804	0.43734800000000007
1.5351351351351352	1.083855999999972	0.012431999999999999	4.87865292800054	0.04757375999999999
1.5410410410410411	1.141247999999978	0.013806	1.259425792000265	0.28904364
1.546946946946947	1.0554399999999706	0.018108000000000003	2.136000000000256	0.49764336000000003
1.552852852852853	1.0998399999999737	0.007198	1.831116800000283	0.13095596
1.558758758758759	1.1451039999999761	0.011876000000000001	1.1799239680002667	0.5619982399999999
1.564664664664665	1.0510239999999693	0.0075239999999999994	3.492136448000326	0.21745424000000002
1.5705705705705708	1.0559359999999736	0.006022	12.05759180800098	0.21767116
1.5764764764764767	1.0337279999999698	0.006554000000000001	4.063916032000403	0.23520683999999997
1.5823823823823826	0.9537919999999714	0.00932	1.8873630719998162	0.35436799999999996
1.5882882882882885	1.0554399999999724	0.00395	5.451404800000412	0.061283000000000004
1.5941941941941944	0.9541279999999714	0.004522	1.3660216319998304	0.11115916000000002
1.6001001001001003	1.0516799999999717	0.010854	2.292070400000266	0.4118868399999999
1.6060060060060062	1.0609599999999726	0.0061259999999999995	1.36913920000027	0.16489324000000002
1.611911911911912	1.0191519999999696	0.006814	3.5034577920000474	0.16300204
1.617817817817818	1.0467679999999697	0.01281	1.1225963520000775	0.42043499999999995
1.6237237237237239	0.9327519999999746	0.008995999999999999	11.126625791999185	0.07756784000000001
1.6296296296296298	0.9775039999999718	0.019286	6.221088767999716	0.17825804000000003
1.6355355355355357	1.0050879999999711	0.024888	8.708237311999744	0.12321055999999998
1.6414414414414416	0.8835039999999764	0.02118	2.2222535679997555	0.692724
1.6473473473473474	1.0412159999999686	0.012438	1.969266688000076	0.13391755999999996
1.6532532532532533	0.9275199999999729	0.016396	2.561996799999676	0.25215184
1.6591591591591592	1.0010719999999707	0.007608	5.156562431999992	0.21354336000000004
1.6650650650650651	0.9132479999999746	0.009726	3.733665791999591	0.24002124000000002
1.6709709709709712	1.0034239999999695	0.01196	2.7884564479998093	0.17392799999999997
1.6768768768768771	0.9957759999999706	0.009322	3.8509076479998474	0.24809516000000004
1.682782782782783	1.0527359999999728	0.007176	7.50027980800086	0.14132224000000002
1.688688688688689	0.9333599999999735	0.0055320000000000005	1.8339199999997624	0.09681776
1.6945945945945948	0.9492639999999727	0.010098000000000001	7.114884607999335	0.50121996
1.7005005005005007	1.0149919999999704	0.008074	2.3805598719999708	0.22227724000000004
1.7064064064064066	0.9810399999999712	0.01574	3.9816575999997896	0.10373199999999999
1.7123123123123125	0.9571199999999712	0.0053	2.4747007999997797	0.460028
1.7182182182182184	0.9524319999999716	0.0039299999999999995	2.409661951999797	0.08189900000000001
1.7241241241241243	0.9723679999999706	0.006229999999999999	1.8703211519998204	0.189003
1.7300300300300302	0.9599199999999712	0.006406	2.701145599999663	0.31769963999999995
1.735935935935936	0.9935199999999714	0.00433	10.835494399999455	0.09613899999999999
1.741841841841842	0.9733599999999709	0.006024	1.5124863999998204	0.25829023999999995
1.7477477477477479	0.9375679999999732	0.0053159999999999995	4.0407019519995595	0.06890544000000003
1.7536536536536538	0.9711839999999714	0.0038200000000000005	2.748978687999777	0.047644
1.7595595595595597	0.9042079999999751	0.008906	1.822070271999785	0.54627564
1.7654654654654656	0.9935199999999706	0.0141	3.446617599999745	0.251348
1.7713713713713715	0.9601919999999711	0.013108000000000002	1.2940574719998492	0.13204335999999997
1.7772772772772774	0.8851359999999756	0.004543999999999999	4.34301900799947	0.09945664
1.7831831831831833	0.9326559999999732	0.00731	2.399036927999825	0.138427
1.7890890890890894	0.9596639999999711	0.00456	1.8055470079998541	0.09875199999999999
1.7949949949949953	0.8852799999999751	0.007951999999999999	1.7857023999997839	0.12580896
1.8009009009009012	0.8446719999999782	0.00555	1.3902520319998142	0.128243
1.806806806806807	0.8761599999999758	0.007214	3.799756799999489	0.40714604
1.812712712712713	0.831711999999979	0.008944	6.10369331199927	0.19003264
1.8186186186186188	0.9579999999999709	0.010638	2.164979199999729	0.18501356000000002
1.8245245245245247	0.849743999999978	0.010618	3.653027327999583	0.5678247600000002
1.8304304304304306	0.9194239999999739	0.003746	1.9806740479997722	0.08696684000000002
1.8363363363363365	0.776511999999981	0.0066040000000000005	3.4110341119996574	0.3477518400000001
1.8422422422422424	0.8455199999999777	0.005342	6.8397439999992145	0.09079435999999998
1.8481481481481483	0.876271999999976	0.013608000000000002	4.893292031999352	0.3951273599999999
1.8540540540540542	0.8435679999999781	0.008544	9.861207551998877	0.19892063999999998
1.85995995995996	0.8663839999999771	0.006226	0.7899642879999091	0.22718123999999998
1.865865865865866	0.8700799999999776	0.002956	4.310937599999451	0.03972464
1.871771771771772	0.8318079999999785	0.01736	3.190403071999558	0.256912
1.8776776776776778	0.9250879999999734	0.007468000000000001	3.175872511999629	0.24525775999999996
1.8835835835835837	0.8758079999999764	0.008086	1.2893982719998498	0.37465004
1.8894894894894896	0.9192799999999738	0.01057	2.50279679999959	0.19304300000000005
1.8953953953953955	0.8319999999999789	0.00472	7.64958719999912	0.1286
1.9013013013013014	0.916191999999974	0.01235	1.498703871999838	0.792963
1.9072072072072075	0.8366239999999778	0.009238	1.1700116479998732	0.30014956000000004
1.9131131131131134	0.8469759999999775	0.004502	1.3487636479998952	0.11681995999999999
1.9190190190190193	0.8694079999999759	0.008862	2.5763614719996917	0.5898295600000001
1.9249249249249252	0.755087999999983	0.016380000000000002	6.0766469119992665	0.2907719999999999
1.930830830830831	0.8192639999999796	0.00547	1.7763246079997272	0.12494700000000003
1.936736736736737	0.8493919999999774	0.0059960000000000005	3.5131038719996126	0.11518383999999998
1.9426426426426429	0.7941759999999806	0.004884	2.2834708479997565	0.05355343999999999
1.9485485485485488	0.899807999999975	0.015936000000000002	3.792463871999648	0.31930304
1.9544544544544546	0.8296799999999784	0.025842	1.1520383999998445	2.7951463600000004
1.9603603603603605	0.8862559999999752	0.011168	2.4608865279997914	0.27800576
1.9662662662662664	0.8209919999999798	0.003944	5.394153471999389	0.09919264
1.9721721721721723	0.8674559999999768	0.006186	1.37755852799985	0.19527404
1.9780780780780782	0.8087519999999806	0.003454	3.719828991999498	0.050790840000000004
1.9839839839839841	0.9174239999999741	0.016816	3.0560148479997116	0.25678144
1.98988988988989	0.8694719999999768	0.006481999999999999	3.2255160319995237	0.16529675999999996
1.995795795795796	0.7985279999999804	0.01112	2.0997816319997793	0.31384799999999996
2.001701701701702	0.7901919999999804	0.0035380000000000003	3.982198271999508	0.06282956
2.0076076076076075	0.8233919999999794	0.01465	3.9184158719995374	0.203523
2.0135135135135136	0.817679999999979	0.012078	2.735551999999697	0.24151915999999995
2.0194194194194197	0.7840319999999817	0.00551	1.175754751999855	0.14124299999999995
2.0253253253253254	0.7764319999999811	0.007994	2.8886891519997424	0.25374764000000005
2.0312312312312315	0.8169759999999798	0.008248	15.996200447998174	0.12595296
2.037137137137137	0.8534879999999778	0.010526	0.6496517119999352	0.11392524000000001
2.0430430430430433	0.7971199999999815	0.023698	3.2379903999996538	1.5523319599999998
2.048948948948949	0.8291039999999789	0.01369	3.255469567999595	0.314979
2.054854854854855	0.8865919999999755	0.007134000000000001	1.736323071999791	0.32500044000000006
2.0607607607607608	0.727423999999985	0.008362	1.8469396479997386	0.15817356
2.066666666666667	0.7687839999999825	0.008248	1.681049087999825	0.31950496
2.0725725725725725	0.7693439999999824	0.0035979999999999996	4.036886527999562	0.07003596000000001
2.0784784784784787	0.7934719999999802	0.01436	4.214648831999564	0.397152
2.0843843843843843	0.7047199999999855	0.004966	8.18722559999913	0.13413644
2.0902902902902905	0.7900799999999806	0.005094	3.0155775999996814	0.15679563999999996
2.096196196196196	0.7554399999999821	0.008162	1.321100799999834	0.24810156000000003
2.1021021021021022	0.7483999999999833	0.007478	5.70638079999941	0.27825516
2.1080080080080084	0.7438079999999834	0.0059	7.389827071999171	0.221652
2.113913913913914	0.7691359999999825	0.017314	2.2850862079997327	0.25567404000000005
2.11981981981982	0.8022079999999805	0.014565999999999999	3.266230271999679	0.6941124399999997
2.125725725725726	0.8235039999999789	0.0048460000000000005	6.055187967999399	0.14019084000000004
2.131631631631632	0.7729919999999819	0.006157999999999999	6.912335871999296	0.12797836
2.1375375375375376	0.7271199999999848	0.009162	0.965055999999897	0.26686956
2.1434434434434437	0.7449439999999833	0.00381	3.9110753279995327	0.065219
2.1493493493493494	0.7262879999999847	0.006978	3.417728511999565	0.24217515999999997
2.1552552552552555	0.7846399999999817	0.0055520000000000005	7.0593535999990875	0.14267296
2.161161161161161	0.7260799999999856	0.0053939999999999995	2.7915263999996305	0.17537964
2.1670670670670673	0.7666559999999826	0.005724	5.423382527999448	0.11979823999999999
2.172972972972973	0.79927999999998	0.01401	1.5807871999998766	0.455251
2.178878878878879	0.7835519999999812	0.015844	1.774088191999805	0.4229886399999999
2.1847847847847848	0.7263519999999845	0.007181999999999999	5.3563857919995215	0.22787275999999998
2.190690690690691	0.6872639999999873	0.010956	1.7045934079998084	0.46620463999999995
2.196596596596597	0.7155839999999848	0.012487999999999999	4.026175487999541	0.48483455999999997
2.2025025025025027	0.7503839999999827	0.004792	6.341887487999446	0.12267936000000002
2.208408408408409	0.7441599999999836	0.006002	2.5940479999997086	0.20749996
2.2143143143143145	0.6660799999999887	0.006486	5.593241599999436	0.23635404
2.2202202202202206	0.7257119999999845	0.00758	1.9802373119998247	0.13114000000000003
2.2261261261261263	0.7912959999999807	0.012688	0.811245567999923	0.34242656
2.2320320320320324	0.7123679999999853	0.013193999999999999	8.709719551998992	0.27719564
2.237937937937938	0.6789599999999874	0.007951999999999999	1.1228543999998244	0.22047296000000005
2.243843843843844	0.7262559999999846	0.004842	2.837206527999708	0.16180235999999998
2.24974974974975	0.6771999999999877	0.013674	4.021183999999541	0.41854124000000004
2.255655655655656	0.6766079999999871	0.006906	2.5411870719996483	0.20557164000000003
2.2615615615615616	0.6829759999999869	0.019198	1.5928340479998149	0.3233879600000001
2.2674674674674677	0.5798079999999922	0.009295999999999999	9.737091071998897	0.22878784
2.2733733733733734	0.6279679999999908	0.010173999999999999	2.5209323519996825	0.12186124
2.2792792792792795	0.6935359999999865	0.005898	1.799006207999776	0.16268396000000002
2.285185185185185	0.7433919999999842	0.011545999999999999	2.346575871999762	0.2774388400000001
2.2910910910910913	0.7142559999999857	0.004744	1.0890337279998885	0.08534464
2.296996996996997	0.6935359999999866	0.01286	6.020343807999464	0.7873560000000002
2.302902902902903	0.7464639999999833	0.019674	4.713515007999554	0.23087723999999998
2.308808808808809	0.7420639999999844	0.011974	6.731396607999277	0.9806452399999999
2.314714714714715	0.696959999999986	0.020316	1.889382399999753	0.3565214399999999
2.320620620620621	0.6936799999999866	0.006944	2.283455999999772	0.25078464000000006
2.3265265265265267	0.7290399999999846	0.006764	1.2271999999998733	0.26832304
2.332432432432433	0.7056319999999853	0.012762	7.911524351999094	0.25605356
2.3383383383383385	0.7812159999999806	0.019819999999999997	5.229529087999397	0.45296400000000003
2.3442442442442446	0.7208639999999854	0.015119999999999998	2.296363007999749	0.30390399999999995
2.3501501501501503	0.7297279999999841	0.005102000000000001	7.232172031999146	0.12539596
2.3560560560560564	0.6115199999999912	0.0049960000000000004	3.3957887999996657	0.07753583999999998
2.361961961961962	0.7175679999999839	0.009308	3.943985151999537	0.26237136
2.367867867867868	0.6631519999999883	0.016891999999999997	1.465185791999875	0.18697935999999998
2.373773773773774	0.6127359999999915	0.017698	3.0969774079996513	0.27077196000000003
2.37967967967968	0.7111679999999864	0.015894	5.599485951999368	0.36542764
2.3855855855855856	0.63879999999999	0.012148	2.2763903999996575	0.37708495999999997
2.3914914914914918	0.7473919999999838	0.00702	1.2111134719998986	0.19498000000000001
2.3973973973973974	0.6731359999999883	0.010048	4.034385407999578	0.19661696
2.4033033033033036	0.6782399999999872	0.007287999999999999	4.0724991999994895	0.17676256
2.4092092092092092	0.5642719999999941	0.005178	5.670610431999252	0.07939916000000002
2.4151151151151153	0.668031999999988	0.00456	3.6427243519996115	0.075464
2.421021021021021	0.5910879999999916	0.008688	2.475955711999686	0.19837056000000003
2.426926926926927	0.603247999999991	0.011836	10.921825791998778	0.20896304
2.4328328328328332	0.6806719999999866	0.02345	7.009605631999247	0.23374699999999998
2.438738738738739	0.6375839999999903	0.019138	2.916402687999746	0.43637356
2.444644644644645	0.6734879999999873	0.009595999999999999	0.9639173119999151	0.33657584
2.4505505505505507	0.6272639999999908	0.017488	3.296759807999705	0.15786656000000002
2.456456456456457	0.7104159999999856	0.011678000000000001	1.759794687999831	0.41424716
2.4623623623623625	0.6631679999999891	0.012938	4.0881643519995565	0.26687756
2.4682682682682686	0.5855359999999927	0.008893999999999999	1.296887807999809	0.17055563999999998
2.4741741741741743	0.6844799999999871	0.005842	5.27759359999946	0.21246636000000002
2.4800800800800804	0.62707199999999	0.005772	2.3766712319997017	0.18344816
2.485985985985986	0.6641759999999879	0.004476	2.7222932479996187	0.09458223999999998
2.491891891891892	0.6823839999999863	0.011486	2.0506106879997525	0.31456203999999993
2.497797797797798	0.6012319999999913	0.010714	1.6792427519998103	0.07203404000000001
2.503703703703704	0.6455839999999895	0.003776	3.2259578879996442	0.09325023999999998
2.5096096096096097	0.6564959999999884	0.014459999999999999	4.6722759679994885	0.262756
2.5155155155155158	0.5951359999999912	0.00565	3.9056302079995433	0.10311500000000001
2.5214214214214214	0.6203039999999904	0.010306000000000001	5.196666367999487	0.14628364
2.5273273273273276	0.6418079999999888	0.014516	1.3178526719998136	0.6382334399999999
2.5332332332332332	0.6763359999999878	0.010602	4.195153407999599	0.3650759599999999
2.5391391391391394	0.6898239999999867	0.011684	1.8691092479997398	0.38568144000000004
2.5450450450450455	0.5921279999999922	0.009554	2.623250431999737	0.39760684
2.550950950950951	0.6924319999999867	0.008334000000000001	1.2303211519998256	0.27820043999999994
2.5568568568568573	0.62534399999999	0.011406	1.797705727999843	0.09157164
2.562762762762763	0.6883999999999868	0.003664	20.045862399997713	0.06801504
2.568668668668669	0.5420639999999942	0.00481	3.4208046079996968	0.08246699999999998
2.5745745745745747	0.642111999999989	0.005174	2.1628805119997585	0.09606124
2.580480480480481	0.6325279999999904	0.007937999999999999	3.54591283199954	0.27518155999999994
2.5863863863863865	0.6556159999999892	0.005994	3.784409087999597	0.13016364
2.5922922922922926	0.6633279999999888	0.008456	4.083832831999484	0.19299264
2.5981981981981983	0.6359359999999901	0.01254	3.3887662079996415	0.39807599999999993
2.6041041041041044	0.5923839999999916	0.006178	7.611199487999173	0.12556716
2.61001001001001	0.6330399999999895	0.010131999999999999	2.8155263999996447	0.21614575999999996
2.615915915915916	0.6264159999999898	0.019474	3.8234618879994615	0.10313324000000003
2.621821821821822	0.6290079999999899	0.01485	5.274691071999425	0.306659
2.627727727727728	0.598511999999992	0.013791999999999999	1.769190911999804	0.17973536000000004
2.6336336336336337	0.5651359999999936	0.031675999999999996	4.83863500799947	2.7976462400000006
2.63953953953954	0.5869919999999936	0.018397999999999998	5.276636671999306	0.23498796000000002
2.6454454454454455	0.5948319999999925	0.0048	0.976471551999876	0.177344
2.6513513513513516	0.5940799999999922	0.005986	2.4001023999997706	0.14989003999999997
2.6572572572572573	0.6337119999999905	0.016274	4.84958771199949	0.11280524
2.6631631631631634	0.6356319999999895	0.0063100000000000005	1.2995435519998486	0.18776300000000004
2.6690690690690695	0.6431999999999887	0.006612000000000001	7.275315199999255	0.31490255999999994
2.674974974974975	0.6355519999999891	0.0060539999999999995	2.5001553919997255	0.10326284000000001
2.6808808808808813	0.5797919999999931	0.008223999999999999	7.915177471999092	0.17500224000000003
2.686786786786787	0.683535999999987	0.01577	5.617489407999437	0.533867
2.692692692692693	0.6119519999999912	0.005704	2.5727441919996745	0.10130784
2.6985985985985987	0.6334399999999895	0.00414	11.777791999998751	0.12120399999999998
2.704504504504505	0.5913439999999919	0.015058000000000002	1.8287713279998572	0.95807436
2.7104104104104105	0.5437119999999944	0.005582	3.90854451199965	0.13880076000000002
2.7163163163163166	0.604847999999992	0.01484	1.5233489919998258	0.7906480000000001
2.7222222222222223	0.6044799999999908	0.008234	4.9875967999994995	0.07281644000000001
2.7281281281281284	0.6011679999999917	0.005674	1.8668395519997993	0.16434124
2.734034034034034	0.5328799999999949	0.003998	5.586879999999514	0.10113195999999999
2.7399399399399402	0.6429279999999901	0.011436	3.7533752319995637	0.30742704
2.745845845845846	0.5928959999999917	0.017244	3.484909567999668	0.15522863999999995
2.751751751751752	0.5884479999999913	0.00801	5.3000785919994495	0.31313899999999995
2.7576576576576577	0.6026239999999919	0.0047420000000000006	6.691995647999423	0.14805035999999996
2.763563563563564	0.581263999999994	0.004336	3.2701742079996676	0.09154303999999999
2.7694694694694695	0.6103359999999914	0.012672	2.4700334079997845	0.75341216
2.7753753753753756	0.5476479999999946	0.010662	1.1743313919998726	0.19322956
2.7812812812812817	0.582575999999992	0.00585	5.1313556479994125	0.18293099999999998
2.7871871871871874	0.5356639999999961	0.01197	3.795486207999586	0.347371
2.7930930930930935	0.6183359999999898	0.006924	1.044523007999871	0.14686224000000003
2.798998998998999	0.5863839999999935	0.023774	3.122329087999684	0.14716524000000003
2.8049049049049053	0.6543999999999882	0.010265999999999999	4.277247999999542	0.51213644
2.810810810810811	0.5988959999999919	0.0074	2.646803967999806	0.095824
2.816716716716717	0.5916159999999926	0.005658	2.3804026879997093	0.09919436000000002
2.8226226226226228	0.5663839999999941	0.005814	1.5686138879997964	0.11541004
2.828528528528529	0.6072479999999915	0.014586000000000002	3.3426897919997165	0.10080204000000001
2.8344344344344345	0.5628959999999933	0.017252	1.24597196799991	0.30182095999999997
2.8403403403403407	0.5779679999999935	0.006336	3.051914751999618	0.08999103999999998
2.8462462462462463	0.5369759999999958	0.010518000000000001	4.49432524799955	0.21496876
2.8521521521521525	0.5318719999999943	0.007540000000000001	1.9548344319998123	0.193748
2.858058058058058	0.5013919999999964	0.012740000000000001	0.8503966719999284	0.36334799999999995
2.8639639639639642	0.5554399999999942	0.012508	2.2765951999997887	0.11907536000000002
2.86986986986987	0.5361119999999943	0.012484	1.8123013119998168	0.67416144
2.875775775775776	0.5515359999999945	0.008388	1.6488750079998373	0.23987856000000002
2.8816816816816817	0.567567999999994	0.004378	2.8710763519996725	0.08211115999999999
2.887587587587588	0.5200639999999954	0.009634	6.20338380799938	0.52265644
2.893493493493494	0.5707519999999928	0.00625	0.9577553919999109	0.079355
2.8993993993993996	0.5674719999999929	0.013422	2.770847231999751	0.80518316
2.9053053053053057	0.4924799999999962	0.008876	1.8799615999998984	0.37217424
2.9112112112112114	0.6626559999999885	0.006368	2.0494049279997544	0.20588576000000003
2.9171171171171175	0.5300479999999953	0.00606	4.840148991999523	0.07813200000000001
2.923023023023023	0.6614399999999888	0.007944	2.6796031999997045	0.17069664000000004
2.9289289289289293	0.552511999999994	0.004802000000000001	2.136563711999799	0.09443595999999999
2.934834834834835	0.5358239999999954	0.0069299999999999995	3.5628948479996194	0.21204299999999998
2.940740740740741	0.5212319999999955	0.00909	4.226954751999632	0.290163
2.9466466466466468	0.5384319999999944	0.013096	2.146762751999789	0.33566784
2.952552552552553	0.5324319999999952	0.015253999999999998	1.5045483519998437	0.9149828399999999
2.9584584584584586	0.4695199999999979	0.007838	4.448908799999698	0.17817355999999998
2.9643643643643647	0.49382399999999693	0.007102	3.991605247999789	0.22461196
2.9702702702702704	0.5567359999999945	0.006862	3.755409407999567	0.14375755999999998
2.9761761761761765	0.5851839999999917	0.003006	5.064255487999558	0.03937164
2.982082082082082	0.5121599999999957	0.010138	5.041817599999677	0.37554956
2.9879879879879883	0.5291839999999958	0.00557	5.086476287999329	0.21645100000000003
2.993893893893894	0.5896639999999919	0.021116	2.012612607999777	0.17960144
2.9997997997998	0.6190079999999908	0.01948	2.6024222719997283	0.397992
3.0057057057057057	0.5313439999999948	0.02419	4.781987327999489	0.14532299999999998
3.011611611611612	0.5711359999999935	0.005915999999999999	6.6127790079992925	0.13480944000000003
3.017517517517518	0.5331199999999953	0.00454	2.101043199999814	0.08836400000000001
3.0234234234234236	0.5430559999999943	0.012586	1.1841633279999026	0.12932204000000003
3.0293293293293297	0.5229279999999947	0.006566	4.8582712319996695	0.16289643999999998
3.0352352352352354	0.4834399999999969	0.006076	3.5049855999997472	0.18803824000000002
3.0411411411411415	0.48923199999999745	0.005776	1.1456363519999422	0.12509824
3.047047047047047	0.5743679999999932	0.006448000000000001	3.5416043519996454	0.39837695999999995
3.0529529529529533	0.5575679999999944	0.006781999999999999	2.392932351999694	0.25041675999999996
3.058858858858859	0.5661119999999933	0.022452	2.2456709119997416	1.3517729600000001
3.064764764764765	0.554895999999994	0.007406	1.2790471679998439	0.26665964000000003
3.070670670670671	0.5836799999999924	0.016018	2.6388479999997125	0.32578476
3.076576576576577	0.5451199999999946	0.010498	4.769638399999377	0.8775799599999998
3.0824824824824826	0.48483199999999693	0.005124	2.752817151999822	0.10750223999999999
3.0883883883883887	0.5651359999999935	0.00607	4.066027007999709	0.182659
3.0942942942942944	0.4914879999999971	0.006052	1.9574149119999482	0.09460495999999999
3.1002002002002005	0.48255999999999655	0.017325999999999998	2.8720127999998444	0.23066124
3.106106106106106	0.531135999999995	0.011006	2.3626670079997067	0.45758764
3.1120120120120123	0.47932799999999737	0.006737999999999999	2.14601523199988	0.15534156000000002
3.117917917917918	0.5400639999999951	0.008565999999999999	12.776798207998748	0.17399244000000003
3.123823823823824	0.49076799999999665	0.008298	2.0692843519998947	0.24843596
3.12972972972973	0.5698719999999939	0.009392	1.2785720319998048	0.36766336000000005
3.135635635635636	0.5251359999999956	0.008931999999999999	4.061521407999714	0.24161776
3.141541541541542	0.4844639999999965	0.012822	4.035511807999722	0.31454316
3.1474474474474476	0.5116319999999954	0.006862	3.879818751999713	0.21274155999999997
3.1533533533533538	0.4944319999999967	0.009224	2.4477675519998616	0.28203424
3.1592592592592594	0.492959999999995	0.00782	19.140761599998644	0.29580400000000007
3.1651651651651656	0.5147839999999965	0.013332	2.9373050879998024	0.5729857599999999
3.1710710710710712	0.49827199999999633	0.003106	1.2917944319999013	0.055443639999999995
3.1769769769769773	0.5207519999999961	0.017064	2.9886929919997245	0.6930950400000001
3.182882882882883	0.4694399999999968	0.011342	2.686054399999873	0.32804236000000003
3.188788788788789	0.4659679999999973	0.016594	6.648714751999712	0.8798196400000001
3.194694694694695	0.5804959999999921	0.01355	5.124064767999527	0.274363
3.200600600600601	0.560895999999994	0.0051600000000000005	3.414970367999599	0.15868799999999997
3.2065065065065066	0.45276799999999795	0.015191999999999999	3.8117355519997673	0.36222335999999994
3.2124124124124127	0.5194399999999958	0.019375999999999997	1.637209599999814	1.3082342400000002
3.2183183183183184	0.4953439999999963	0.008582	2.5858145279998768	0.39680076000000014
3.2242242242242245	0.45423999999999737	0.022868	2.0480511999998487	0.26531376
3.23013013013013	0.5157279999999961	0.007658	5.77034803199943	0.14527435999999996
3.2360360360360363	0.5019199999999954	0.013904	6.191052799999436	0.42162784000000003
3.2419419419419424	0.3902559999999989	0.003296	2.1875809279999245	0.04968384000000001
3.247847847847848	0.47447999999999585	0.022616	4.528473599999743	0.3495814400000001
3.253753753753754	0.439119999999998	0.006993999999999999	2.111423999999906	0.17565164000000003
3.25965965965966	0.484511999999997	0.00424	1.3104517119999215	0.13933599999999993
3.265565565565566	0.5490879999999944	0.00639	4.794509311999499	0.18722700000000003
3.2714714714714717	0.4285439999999983	0.010916	5.36890572799978	0.52428144
3.2773773773773778	0.4741759999999966	0.015524000000000001	3.142811647999863	0.8549902400000001
3.2832832832832834	0.45942399999999706	0.005864	7.8396436479995195	0.08763104
3.2891891891891896	0.41265599999999847	0.0057399999999999994	4.183356927999779	0.15401199999999995
3.2950950950950952	0.48193599999999676	0.01459	3.490129407999803	0.224491
3.3010010010010014	0.48772799999999666	0.012966	1.621407231999909	0.73800844
3.306906906906907	0.47612799999999716	0.017786	10.077100031999379	0.6106500400000001
3.312812812812813	0.44971199999999856	0.007795999999999999	1.5848709119999176	0.11055184000000001
3.318718718718719	0.5121439999999957	0.009014	8.759612927999289	0.26953003999999997
3.324624624624625	0.5249439999999947	0.0028940000000000003	3.9798881279996583	0.07233164000000002
3.3305305305305306	0.5435999999999948	0.009216	2.2160767999998185	0.14807744
3.3364364364364367	0.48932799999999643	0.007564	2.1563448319998844	0.25345903999999997
3.3423423423423424	0.5008479999999959	0.009778	3.478472191999774	0.2909751600000001
3.3482482482482485	0.5488479999999941	0.013202	5.76639539199939	0.44081996
3.354154154154154	0.4561279999999984	0.006256	1.8655928319999544	0.12117663999999997
3.3600600600600603	0.5010719999999957	0.004288	3.926533631999859	0.14017056000000003
3.3659659659659664	0.44943999999999834	0.008912	5.383833599999705	0.25809856
3.371871871871872	0.5238079999999952	0.006064	2.4625950719997887	0.16444704000000002
3.377777777777778	0.44457599999999764	0.005696	3.19733964799977	0.13053984
3.383683683683684	0.5003999999999974	0.01042	3.6011391999996643	0.146244
3.38958958958959	0.47732799999999764	0.019418	2.4267832319999227	0.27864076
3.3954954954954957	0.44868799999999753	0.011142	3.6172037119998586	0.18208236000000003
3.401401401401402	0.4860639999999969	0.014002	3.051959807999862	0.31479596000000004
3.4073073073073075	0.47439999999999755	0.00443	1.874585599999873	0.08551499999999998
3.4132132132132136	0.49823999999999613	0.017136000000000002	13.912780799999107	0.8068070399999999
3.4191191191191193	0.5247839999999951	0.00983	4.18790348799966	0.17480300000000001
3.4250250250250254	0.36868799999999896	0.008814	2.525312511999929	0.32520204
3.430930930930931	0.4496319999999975	0.007998	1.752676351999954	0.19705996
3.436836836836837	0.5090879999999955	0.004718	8.14616371199936	0.05976076
3.442742742742743	0.5005279999999946	0.004082	3.5972152319997366	0.05623275999999999
3.448648648648649	0.5220799999999964	0.013402	5.224191999999586	0.28014796
3.4545545545545546	0.49807999999999714	0.006548	2.5053695999998564	0.24214896
3.4604604604604607	0.43630399999999875	0.00713	2.6549959679999087	0.18113900000000002
3.4663663663663664	0.4575039999999972	0.004148	2.4888135679998893	0.09882096
3.4722722722722725	0.4100479999999992	0.00603	4.096622591999874	0.09349099999999999
3.4781781781781786	0.4746879999999977	0.006379999999999999	3.317440511999772	0.10661999999999998
3.4840840840840843	0.49505599999999583	0.00484	6.937609727999687	0.12548
3.4899899899899904	0.3978239999999994	0.003042	2.1045780479999783	0.05836236
3.495895895895896	0.4325439999999986	0.008851999999999999	7.7324513279997475	0.46527695999999996
3.5018018018018022	0.4404799999999977	0.004686	11.042252799999341	0.16506604
3.507707707707708	0.5207199999999954	0.006286	9.45073919999928	0.16269004
3.513613613613614	0.5080639999999966	0.0061340000000000006	2.8433838079997935	0.25733643999999994
3.5195195195195197	0.5176319999999964	0.003208	2.2373867519998503	0.07227936
3.525425425425426	0.47628799999999666	0.004947999999999999	6.457434111999652	0.09274096000000001
3.5313313313313315	0.46502399999999705	0.009008	3.971022847999833	0.19557535999999998
3.5372372372372376	0.4653279999999975	0.005968	1.347077631999951	0.10136575999999997
3.5431431431431433	0.5096799999999948	0.00549	9.577919999999247	0.15476299999999996
3.5490490490490494	0.4317119999999979	0.004934	1.9873157119999396	0.17703243999999999
3.554954954954955	0.4232639999999984	0.006423999999999999	4.7327662079997745	0.21681824000000002
3.560860860860861	0.43363199999999846	0.005388	2.541668351999895	0.12537456
3.566766766766767	0.44868799999999753	0.005784	1.5784197119999281	0.09518944000000001
3.572672672672673	0.4050399999999982	0.006204	1.1710847999999223	0.3334798400000001
3.5785785785785786	0.4327679999999987	0.007559999999999999	4.437655551999808	0.16613600000000003
3.5844844844844848	0.48724799999999785	0.012126000000000001	1.7202641919999215	0.52906924
3.590390390390391	0.4117439999999981	0.011245999999999999	3.1281377279997793	0.7799428400000001
3.5962962962962965	0.43028799999999845	0.015794	3.3580293119998403	0.9794916399999998
3.6022022022022027	0.46755199999999786	0.014874	2.6678865919998347	0.40494924
3.6081081081081083	0.4767359999999976	0.017669999999999998	1.634295807999924	0.5203949999999999
3.6140140140140145	0.4358239999999977	0.008642	10.051470847999648	0.34590636
3.61991991991992	0.47335999999999717	0.008322	3.8615423999997627	0.27252715999999994
3.6258258258258262	0.3697280000000005	0.013612	1.4823096319999716	0.21720656
3.631731731731732	0.46833599999999675	0.010222	5.041694207999779	0.36653516
3.637637637637638	0.46409599999999707	0.013422	4.386490367999688	0.13732715999999998
3.6435435435435437	0.4216319999999991	0.003646	2.8147179519998407	0.11776683999999998
3.64944944944945	0.34260799999999997	0.006756	0.7308958719999601	0.32081264000000004
3.6553553553553555	0.3602079999999995	0.008272	2.2076062719998606	0.32074016
3.6612612612612616	0.4989119999999964	0.007614	3.2269701119997376	0.23129004
3.6671671671671673	0.477343999999997	0.012320000000000001	4.1279713279997035	0.6183600000000001
3.6730730730730734	0.4960799999999963	0.00688	8.137766399999371	0.353528
3.678978978978979	0.47476799999999675	0.006382	2.598487551999859	0.20420076000000004
3.684884884884885	0.48444799999999744	0.01082	2.1892689919998833	0.6434439999999999
3.690790790790791	0.4768799999999968	0.01511	0.7180671999999699	0.24025100000000002
3.696696696696697	0.45867199999999886	0.013297999999999999	3.0965816319998845	0.35004396000000004
3.7026026026026027	0.4947999999999967	0.02355	2.1118335999998483	0.359531
3.7085085085085088	0.3805919999999995	0.009382	1.883510271999902	0.6406167599999999
3.714414414414415	0.4317759999999983	0.012272	2.7546644479998563	0.5661641599999999
3.7203203203203206	0.4270879999999982	0.012062	1.782298111999951	0.35428556000000005
3.7262262262262267	0.4472799999999975	0.0057280000000000005	5.914252799999662	0.10297215999999998
3.7321321321321324	0.4740959999999969	0.00982	12.352480767999188	0.6109239999999999
3.7380380380380385	0.4267519999999984	0.008262	3.3903697919997566	0.057789560000000004
3.743943943943944	0.4732799999999975	0.0050799999999999994	4.3566079999998255	0.139952
3.7498498498498503	0.43945599999999846	0.006504	2.058979327999907	0.15909184
3.755755755755756	0.45487999999999784	0.007958	3.3120767999997955	0.20149036
3.761661661661662	0.4436799999999979	0.007062000000000001	4.411238399999841	0.15243756
3.7675675675675677	0.4257759999999987	0.006402	3.2978836479998734	0.19217196
3.773473473473474	0.42366399999999804	0.012678	4.348958207999895	0.34983916
3.7793793793793795	0.37307199999999924	0.005162	3.0507064319997665	0.17476555999999996
3.7852852852852856	0.48724799999999757	0.005915999999999999	1.8389457919998986	0.14694543999999995
3.7911911911911913	0.3825279999999998	0.00899	5.101432831999831	0.615219
3.7970970970970974	0.43953599999999843	0.004776	2.580407807999903	0.11864224
3.803003003003003	0.43463999999999897	0.019024	1.8783615999999197	0.16121024
3.808908908908909	0.4236319999999981	0.003954	2.9844331519998653	0.07553483999999999
3.814814814814815	0.415039999999999	0.00398	2.4214527999998943	0.079212
3.820720720720721	0.42391999999999824	0.012222	4.450854399999819	0.23035915999999998
3.826626626626627	0.49870399999999687	0.008606	1.6638663679999048	0.5150196400000001
3.832532532532533	0.42684799999999845	0.003094	2.804180991999888	0.04453964000000001
3.838438438438439	0.3658400000000005	0.0063159999999999996	1.6951679999998743	0.29153744000000004
3.8443443443443446	0.4140479999999986	0.003926	3.791316991999926	0.06577324000000001
3.8502502502502507	0.43556799999999835	0.007670000000000001	6.702577151999703	0.5395949999999999
3.8561561561561564	0.42019199999999807	0.003636	6.596380671999696	0.06757104
3.8620620620620625	0.4406079999999984	0.009534	2.4956702719999275	0.14100043999999998
3.867967967967968	0.3819039999999992	0.017318	13.365831167999456	0.23420876000000002
3.8738738738738743	0.41718399999999806	0.005362	2.805925887999902	0.12978156
3.87977977977978	0.4190719999999994	0.011276000000000001	4.32841523199983	0.8182702400000001
3.885685685685686	0.46246399999999743	0.009493999999999999	6.8124590079996485	0.22114764
3.8915915915915917	0.36620799999999953	0.007536	3.7435678719998338	0.32456704
3.897497497497498	0.40515199999999874	0.023284	3.3854033919998514	0.71482544
3.9034034034034035	0.39801599999999826	0.0141	5.5241850879996575	0.340396
3.9093093093093096	0.3932959999999992	0.005524	2.7995847679999075	0.25289424
3.9152152152152153	0.3548479999999994	0.008772	1.6123473919999087	0.31205615999999997
3.9211211211211214	0.3681439999999995	0.008172	4.336137727999798	0.80423216
3.927027027027027	0.43479999999999813	0.0073939999999999995	4.493555199999841	0.24609164
3.9329329329329332	0.415279999999998	0.01807	2.4367487999999007	0.46991499999999997
3.9388388388388393	0.3709120000000002	0.008302	4.35347251199978	0.5696439600000001
3.944744744744745	0.4233279999999984	0.009290000000000001	6.977656831999595	0.283371
3.950650650650651	0.4303679999999986	0.008020000000000001	2.5597931519999126	0.15848399999999999
3.956556556556557	0.4806719999999979	0.00445	4.0299704319997725	0.091411
3.962462462462463	0.40371199999999946	0.008482	1.9482501119999154	0.39629675999999997
3.9683683683683686	0.4266079999999988	0.004854	9.614812671999694	0.13329484000000003
3.9742742742742747	0.4453759999999979	0.010326	4.11878604799985	0.30326124
3.9801801801801804	0.3378720000000004	0.011118000000000001	1.139820031999925	0.51549676
3.9860860860860865	0.4298239999999979	0.01236	2.833461247999926	0.289808
3.991991991991992	0.4482719999999972	0.007962	1.445586431999925	0.15694956000000002
3.9978978978978983	0.3792319999999997	0.016086000000000003	3.4088939519998704	1.1446420400000004
4.0038038038038035	0.4107999999999987	0.004998	3.3311103999998455	0.10851596000000002
4.00970970970971	0.40180799999999994	0.0075780000000000005	1.5875742719999213	0.12855916
4.015615615615616	0.3906239999999991	0.006614	2.748827647999911	0.21412204
4.021521521521522	0.41452799999999945	0.005862	2.380152831999941	0.14330155999999997
4.027427427427427	0.3738079999999994	0.018286	1.9232414719999353	0.22735403999999998
4.033333333333333	0.3607519999999999	0.004906000000000001	3.212948991999858	0.14015564000000003
4.039239239239239	0.4821759999999967	0.006078	1.0417684479999525	0.09962316
4.0451451451451454	0.37726399999999977	0.009888	2.1800238079999237	0.39878656
4.051051051051051	0.4254239999999981	0.014128	2.213979647999916	0.54760416
4.056956956956957	0.4170239999999991	0.004808	4.74741964799976	0.14053536000000003
4.062862862862863	0.45279999999999826	0.008348000000000001	3.4247679999997827	0.44565296
4.068768768768769	0.415983999999999	0.004082	4.14745548799991	0.14788076
4.074674674674675	0.401919999999999	0.005592	3.803443199999865	0.13405536
4.08058058058058	0.4070239999999987	0.026276	6.249461247999795	0.27705424
4.0864864864864865	0.34976	0.004258	2.456371199999895	0.10660236
4.092392392392393	0.3331520000000005	0.0041	4.014446591999838	0.097068
4.098298298298299	0.4164159999999979	0.0085	2.179852287999836	0.23881999999999998
4.104204204204204	0.40188799999999936	0.005056000000000001	4.927219711999776	0.10750464
4.11011011011011	0.4815519999999968	0.01188	1.4627281919999333	0.267664
4.116016016016016	0.3851359999999989	0.007437999999999999	3.13531340799982	0.27778156
4.121921921921921	0.37927999999999906	0.014075999999999998	1.6313727999999617	0.40968624
4.1278278278278275	0.3446400000000001	0.003892	1.4617599999999178	0.11381135999999999
4.133733733733734	0.39780799999999883	0.0065980000000000006	1.1012766719999627	0.23384395999999996
4.13963963963964	0.4259679999999984	0.006812	1.8331499519999062	0.14888656000000003
4.145545545545545	0.2658720000000012	0.02822	8.217912831999827	0.7365880000000001
4.151451451451451	0.3561439999999995	0.016288	1.5709281279999334	0.25525855999999997
4.157357357357357	0.3660160000000002	0.005332	5.415845887999762	0.09822576
4.163263263263263	0.3889279999999989	0.013266	1.5236792319999286	0.6206644400000001
4.169169169169169	0.2809760000000012	0.005288	6.611957247999924	0.09430656000000001
4.175075075075075	0.33467200000000047	0.00315	1.8188344319998915	0.030514999999999997
4.180980980980981	0.32699199999999995	0.008331999999999999	1.5611550719999168	0.26643376
4.186886886886887	0.3635519999999994	0.014130000000000002	3.137288191999859	0.174299
4.192792792792793	0.33211200000000046	0.01535	4.596762111999761	0.640835
4.198698698698698	0.3269280000000007	0.011387999999999999	2.8785720319999015	0.21455056
4.204604604604604	0.40569599999999933	0.006638	2.069024767999959	0.20788556
4.2105105105105105	0.39343999999999985	0.004228	0.9737728000000064	0.08622416000000001
4.216416416416417	0.38571199999999933	0.015444	1.5264005119999486	0.79679664
4.222322322322322	0.4131359999999986	0.005382	2.0911406079999253	0.23228076
4.228228228228228	0.3338720000000004	0.01124	3.8589496319997867	0.18820000000000003
4.234134134134134	0.3851519999999994	0.01001	6.055227391999752	0.522595
4.24004004004004	0.3689119999999994	0.013413999999999999	2.862925311999881	0.4693620400000001
4.245945945945945	0.3687519999999994	0.012672	2.891310591999867	0.29323615999999997
4.2518518518518515	0.3544640000000001	0.0117	7.235012607999676	0.5623239999999999
4.257757757757758	0.3595199999999988	0.015066	5.562316799999675	0.46242443999999994
4.263663663663664	0.4035839999999995	0.01097	3.1154298879998756	0.123347
4.269569569569569	0.3432159999999997	0.008874	2.1420538879998823	0.40390124000000005
4.275475475475475	0.39910399999999885	0.00389	3.478355967999868	0.061859000000000004
4.281381381381381	0.4453279999999975	0.009916	3.196626431999944	0.34017744
4.287287287287287	0.3751200000000005	0.008914	2.3670143999999387	0.11139404000000001
4.2931931931931935	0.38403199999999926	0.005658	1.1669483519999497	0.13509036
4.299099099099099	0.4172479999999991	0.008548	6.049032191999746	0.18054895999999998
4.305005005005005	0.39172799999999963	0.006296	3.4935864319997956	0.10442784
4.310910910910911	0.3791999999999999	0.005988	5.073817599999826	0.18862256
4.316816816816817	0.4332319999999984	0.008598	3.880330751999747	0.23851596000000005
4.322722722722722	0.42423999999999923	0.008728	2.816959999999886	0.21287615999999998
4.328628628628628	0.4092319999999986	0.005818	5.7812843519996635	0.13379275999999998
4.3345345345345345	0.3588	0.007418000000000001	5.501887999999818	0.24456876000000002
4.340440440440441	0.37367999999999957	0.005808	2.4241535999998374	0.22256736000000005
4.346346346346346	0.3749440000000002	0.020648	1.8783457279999505	1.1022649600000003
4.352252252252252	0.38582399999999845	0.015034	2.464565247999855	0.7542084400000002
4.358158158158158	0.36052799999999957	0.006552	2.961618431999874	0.21367296000000002
4.364064064064064	0.43711999999999795	0.006208	3.4009087999998076	0.12898336000000002
4.3699699699699694	0.4020159999999978	0.016044	1.192306687999937	0.43677263999999993
4.375875875875876	0.29867200000000116	0.011998	5.5551032319999125	0.19313196
4.381781781781782	0.3650879999999997	0.002788	2.069440512000027	0.05044656
4.387687687687688	0.31785600000000125	0.009848	4.104828927999947	0.28666495999999997
4.393593593593593	0.34334400000000026	0.013146000000000001	2.752419327999914	0.54783084
4.399499499499499	0.3953119999999992	0.009236	2.770150911999914	0.27930704000000006
4.405405405405405	0.4130879999999987	0.021958000000000002	3.256461311999916	1.27995436
4.411311311311311	0.3140960000000001	0.008692	9.416570367999547	0.27833136
4.4172172172172175	0.345408	0.008851999999999999	3.8613278719998023	0.22490095999999998
4.423123123123123	0.33417600000000003	0.010704	5.500520447999726	0.41066784000000006
4.429029029029029	0.39716799999999913	0.013458000000000001	1.4113643519999433	0.16553036000000002
4.434934934934935	0.3801439999999995	0.005324000000000001	1.484195327999917	0.11774224
4.440840840840841	0.38590399999999897	0.004932	2.2409927679999253	0.19776176
4.446746746746746	0.36750399999999944	0.010768000000000002	3.964999167999826	0.48299776
4.452652652652652	0.4650399999999986	0.008686	1.514227199999949	0.5418260399999999
4.4585585585585585	0.3160800000000001	0.009112	6.685939199999697	0.30538656000000003
4.464464464464465	0.3944479999999995	0.007631999999999999	3.418977791999953	0.13367776
4.47037037037037	0.3777119999999998	0.006794	3.0903557119998686	0.24749164
4.476276276276276	0.3505760000000003	0.010248	2.303784447999896	0.3585049600000001
4.482182182182182	0.33835199999999943	0.016624	3.904456191999772	0.14521824
4.488088088088088	0.34654400000000013	0.016916	3.2970849279998737	0.17624944000000003
4.4939939939939935	0.3200960000000004	0.003848	2.7322183679998324	0.050008960000000005
4.4998998998999	0.4181919999999985	0.009922	1.978127871999911	0.32257515999999997
4.505805805805806	0.3503840000000003	0.013203999999999999	1.270322687999955	0.21159983999999998
4.511711711711712	0.3958239999999989	0.006328	0.8747924479999694	0.24393216
4.517617617617617	0.3553280000000001	0.0050420000000000005	4.210757631999839	0.13177036
4.523523523523523	0.31537600000000077	0.011418000000000001	2.957301247999881	0.22665675999999998
4.529429429429429	0.366288	0.00566	8.7412997119996	0.34194800000000003
4.535335335335335	0.34342400000000023	0.007515999999999999	0.859291647999973	0.18151343999999997
4.5412412412412415	0.28284800000000093	0.006670000000000001	3.912456191999885	0.20623500000000003
4.547147147147147	0.34479999999999983	0.006365999999999999	4.241971199999784	0.34884044
4.553053053053053	0.3770559999999994	0.0052439999999999995	1.232201727999898	0.08994063999999999
4.558958958958959	0.3594719999999993	0.004576	3.148600831999804	0.17621024
4.564864864864865	0.31244800000000056	0.009774	5.457313791999876	0.25703724000000006
4.57077077077077	0.3511039999999997	0.007495999999999999	1.7717575679999502	0.20813984000000005
4.576676676676676	0.36735999999999897	0.009004	6.191001599999631	0.21034384
4.5825825825825826	0.3267200000000004	0.0077540000000000005	2.4270847999999137	0.33425483999999994
4.588488488488489	0.34031999999999996	0.005384000000000001	1.7944063999999185	0.14386144000000003
4.594394394394394	0.3071200000000006	0.01125	8.117183999999837	0.445963
4.6003003003003	0.4304159999999987	0.00536	2.9223418879999326	0.12126400000000004
4.606206206206206	0.3349440000000006	0.007662	1.0816737279999158	0.17512555999999999
4.612112112112112	0.35356799999999927	0.009314	2.4560619519998634	0.28825804
4.6180180180180175	0.368911999999999	0.009734	3.3803525119998183	0.50005644
4.623923923923924	0.34737599999999974	0.004888	3.587778047999814	0.09632256000000002
4.62982982982983	0.3476640000000003	0.00585	1.5700270079999348	0.143459
4.635735735735736	0.29515200000000147	0.008646	4.212270591999952	0.25184684
4.641641641641642	0.35663999999999935	0.005928	4.810188799999828	0.17426815999999998
4.647547547547547	0.3302240000000004	0.017162	4.203714047999797	0.22546955999999996
4.653453453453453	0.3762879999999995	0.006062	4.204480511999809	0.15261356
4.659359359359359	0.3290079999999998	0.018844	3.448591871999891	0.20550863999999996
4.6652652652652655	0.31955200000000067	0.010712000000000001	6.307643391999835	0.5116905600000001
4.671171171171171	0.3216480000000005	0.014247999999999999	7.197640191999745	0.36400095999999993
4.677077077077077	0.33948800000000035	0.014716	1.3653381119999488	0.13255344000000002
4.682982982982983	0.33985599999999977	0.004148	4.474992127999784	0.10674096
4.688888888888889	0.3307359999999999	0.006894	2.640926207999902	0.23992364000000002
4.694794794794794	0.3446560000000002	0.009344	4.90517452799976	0.31617664
4.7007007007007005	0.3693279999999992	0.01411	4.00241203199981	0.8244829999999999
4.706606606606607	0.3320480000000006	0.004398	2.4446417919999206	0.14066795999999998
4.712512512512513	0.2871040000000016	0.006462000000000001	2.4891719679999453	0.16304556
4.718418418418418	0.37102399999999947	0.00629	7.532123647999577	0.19996299999999997
4.724324324324324	0.32633600000000046	0.010814	5.429854207999797	0.54462604
4.73023023023023	0.40273599999999904	0.005936	1.3481262079999154	0.11570304
4.736136136136136	0.35638399999999926	0.003662	1.907980287999927	0.07460556
4.7420420420420415	0.29035200000000083	0.014124000000000001	1.8022865919999274	0.6051822399999999
4.747947947947948	0.3374880000000002	0.008152	4.128282111999831	0.12782496
4.753853853853854	0.26737600000000133	0.004762	3.090830847999908	0.18387756
4.75975975975976	0.3765119999999991	0.007292	5.251776511999765	0.23107536
4.765665665665666	0.3530239999999997	0.007064	2.9557268479998853	0.27257504
4.771571571571571	0.3663199999999995	0.009298	4.110783999999855	0.27405996
4.777477477477477	0.3324800000000009	0.013438	2.932223999999911	0.41586956
4.783383383383383	0.37809599999999877	0.013016	1.2414663679999427	0.17726944000000003
4.7892892892892895	0.2913120000000009	0.00297	8.027981311999808	0.040098999999999996
4.795195195195195	0.2877600000000007	0.004364	4.304422399999841	0.06116304
4.801101101101101	0.3001440000000008	0.015203999999999999	2.385417727999903	0.33773583999999995
4.807007007007007	0.3559519999999996	0.004376	0.8936913919999538	0.09154624
4.812912912912913	0.35577599999999976	0.005374	1.519464447999924	0.06051723999999999
4.818818818818818	0.3402720000000005	0.008262	2.6000440319999143	0.17825356
4.8247247247247245	0.2538400000000013	0.010766	2.8639615999999553	0.11947244
4.830630630630631	0.2798240000000016	0.011998	2.3089044479999794	0.8689079600000001
4.836536536536537	0.31435200000000074	0.007923999999999999	6.534702591999734	0.4010782399999999
4.842442442442442	0.3888799999999993	0.007866	1.508595199999907	0.13676844000000002
4.848348348348348	0.3309760000000005	0.007378	1.347381247999931	0.13792716
4.854254254254254	0.30569600000000074	0.0033759999999999997	7.7303623679997475	0.07389824
4.86016016016016	0.34656000000000003	0.01594	7.723007999999728	0.6210600000000002
4.8660660660660655	0.3539359999999999	0.007428	3.7610798079998657	0.19348016
4.871971971971972	0.34347199999999956	0.005036	4.685420031999796	0.10244304000000001
4.877877877877878	0.2832000000000014	0.010898	2.3059455999999465	0.2770759599999999
4.883783783783784	0.3539679999999998	0.009164	3.985700351999827	0.32937904000000007
4.88968968968969	0.301120000000001	0.0065379999999999995	4.169011199999874	0.3316215599999999
4.895595595595595	0.34225600000000056	0.013404	2.828092927999898	0.40469584000000003
4.901501501501501	0.34958400000000045	0.007702	3.3935866879998566	0.21437196000000003
4.907407407407407	0.3488800000000001	0.007194	2.269324799999875	0.19844363999999995
4.913313313313314	0.2857760000000012	0.00581	3.0660500479998967	0.21010700000000002
4.919219219219219	0.33080000000000065	0.006628	1.439167999999955	0.34574416
4.925125125125125	0.2156800000000013	0.007012000000000001	4.573081600000011	0.22681455999999997
4.931031031031031	0.26905600000000135	0.0070680000000000005	2.6486497279999517	0.16552976
4.936936936936937	0.215952000000001	0.00788	6.929454592000058	0.125344
4.942842842842842	0.2869920000000013	0.010348	2.276521471999904	0.21998896
4.9487487487487485	0.3446560000000002	0.004522	4.228515327999837	0.10432715999999997
4.954654654654655	0.35771199999999975	0.009134	7.295411711999781	0.24796043999999998
4.960560560560561	0.30147200000000113	0.003102	1.8184376319999178	0.04109996000000002
4.966466466466466	0.30145600000000083	0.008192	2.011657727999914	0.42487936
4.972372372372372	0.3099840000000011	0.013572	1.4797434879999627	0.36647216000000005
4.978278278278278	0.3953759999999997	0.016034	2.3417748479999414	0.21030444
4.984184184184184	0.2680320000000012	0.009662	4.20305715199993	0.17567756
4.99009009009009	0.3409119999999994	0.004568	1.9989765119999068	0.11508576000000001
4.995995995995996	0.2885920000000011	0.00806	2.862659071999864	0.23224399999999995
5.001901901901902	0.3386880000000003	0.010796	1.7607557119999553	0.56839984
5.007807807807808	0.3386720000000003	0.007398	2.228332031999943	0.33276395999999997
5.013713713713714	0.33665600000000057	0.0071920000000000005	4.963132927999854	0.14619936000000003
5.019619619619619	0.28748800000000063	0.004378	12.218560511999678	0.07239916
5.025525525525525	0.3039200000000007	0.009982	2.6806655999998705	0.37571275999999987
5.0314314314314315	0.30267200000000094	0.006152	2.070328831999927	0.22020895999999998
5.037337337337338	0.37094400000000016	0.01065	7.65467852799973	0.128147
5.043243243243243	0.2740960000000011	0.010158	5.132051967999943	0.6265463600000001
5.049149149149149	0.3659199999999995	0.011598	2.7628031999998894	0.7414919599999998
5.055055055055055	0.35307199999999983	0.003488	2.3271480319998963	0.08552256000000001
5.060960960960961	0.28513600000000117	0.0032240000000000003	5.881579007999892	0.05346623999999999
5.066866866866866	0.3240960000000003	0.010748	3.035475967999857	0.44321295999999993
5.0727727727727725	0.4038559999999985	0.005124	2.6240097279998773	0.09848623999999999
5.078678678678679	0.33974400000000016	0.009444	2.436630527999958	0.16702063999999997
5.084584584584585	0.30660800000000094	0.008104	3.4853534719998485	0.38792383999999996
5.09049049049049	0.29544000000000115	0.008002	4.8393599999999095	0.35755596
5.096396396396396	0.28248000000000095	0.006706	3.9793023999998947	0.22465163999999999
5.102302302302302	0.29924800000000057	0.004864	3.961697791999807	0.08443104
5.108208208208208	0.35876799999999975	0.00859	5.797463551999748	0.13105100000000003
5.114114114114114	0.2574560000000012	0.005296	3.945379327999882	0.12322783999999999
5.12002002002002	0.34318400000000054	0.0051259999999999995	2.0691450879999524	0.10093323999999998
5.125925925925926	0.2900960000000011	0.01023	3.7178055679999122	0.226819
5.131831831831832	0.27000000000000135	0.01294	3.271923199999936	0.371292
5.137737737737738	0.3094880000000014	0.012276	4.309734911999849	0.45789424000000006
5.143643643643643	0.28849600000000075	0.00577	9.316525567999774	0.10807499999999998
5.149549549549549	0.37772799999999945	0.012847999999999998	4.007800831999723	0.17024895999999998
5.1554554554554555	0.34750399999999926	0.004894	13.172704767999512	0.21388364
5.161361361361362	0.34836800000000007	0.01553	5.544330751999752	0.186443
5.167267267267267	0.32011200000000023	0.007902	8.376448511999847	0.38549996000000003
5.173173173173173	0.3199520000000007	0.006372	5.059220991999877	0.12822416
5.179079079079079	0.303040000000001	0.012856	2.1547007999999064	0.9148166400000002
5.184984984984985	0.3052000000000009	0.011534	2.9938047999999005	0.17080843999999998
5.19089089089089	0.2717920000000013	0.002442	3.9760542719999235	0.05045036
5.1967967967967965	0.30297600000000097	0.00503	3.5942932479998535	0.100539
5.202702702702703	0.3421120000000003	0.010312	7.5467141119997665	0.31769056
5.208608608608609	0.3485599999999999	0.007245999999999999	3.370841599999877	0.19381484000000002
5.214514514514514	0.3001600000000015	0.014188	4.175462399999966	0.25302255999999995
5.22042042042042	0.29184000000000093	0.004314	5.0545663999999215	0.09024204000000001
5.226326326326326	0.36727999999999966	0.006052	3.0728575999998515	0.18503696000000003
5.232232232232232	0.24766400000000144	0.007215999999999999	3.4143534080000344	0.16310144000000001
5.2381381381381384	0.35767999999999955	0.011576000000000001	2.234201599999907	0.14853824000000002
5.244044044044044	0.3400320000000002	0.011218	7.122993151999747	0.33928875999999997
5.24994994994995	0.32416000000000084	0.004768	5.466521599999865	0.12328576000000001
5.255855855855856	0.2401920000000013	0.015263999999999998	4.453711871999963	0.35693504
5.261761761761762	0.28704000000000124	0.008194	1.9013631999999425	0.12777164000000002
5.267667667667667	0.29524800000000123	0.019208000000000003	2.445460991999875	0.32748736
5.273573573573573	0.22355200000000142	0.014252	0.9978961920000236	0.42812495999999994
5.2794794794794795	0.2754080000000012	0.012742	3.262326271999917	0.43710636
5.285385385385386	0.2720320000000012	0.004572	5.295409151999902	0.11053616
5.291291291291291	0.32483200000000084	0.005232	2.4697835519999116	0.10165376000000001
5.297197197197197	0.30979200000000073	0.006901999999999999	2.554243071999896	0.15713196
5.303103103103103	0.33102400000000043	0.004628	9.765160447999621	0.13156816000000002
5.309009009009009	0.25960000000000144	0.006288	1.8370943999999563	0.20721056000000007
5.314914914914914	0.3308639999999998	0.005647999999999999	3.6724014079997636	0.07472896
5.3208208208208205	0.33107200000000037	0.014562	3.692716031999833	0.33814156
5.326726726726727	0.3498720000000002	0.006484	1.2300344319999832	0.12828144000000002
5.332632632632633	0.26880000000000126	0.003588	3.8356991999998864	0.10029456000000002
5.338538538538539	0.31027200000000055	0.012502	1.75592243199994	0.39950796
5.344444444444444	0.3271040000000007	0.004764	3.8292807679998697	0.10321104
5.35035035035035	0.30158400000000124	0.008756	5.719090687999901	0.11314863999999998
5.356256256256256	0.336416	0.015228	1.6699002879998972	0.5069281600000001
5.3621621621621625	0.27944000000000097	0.006938	5.6528255999998205	0.16088555999999998
5.368068068068068	0.30555200000000016	0.010062	4.791547391999741	0.28924556000000007
5.373973973973974	0.294416000000001	0.002896	1.5823354879999256	0.036643840000000004
5.37987987987988	0.2938560000000013	0.009706000000000001	1.1784417279999466	0.33060364
5.385785785785786	0.26481600000000144	0.008838	3.087615487999921	0.40746156000000006
5.391691691691691	0.29440000000000105	0.005822	2.421862399999935	0.2786151599999999
5.397597597597597	0.3052000000000009	0.00727	5.428364799999854	0.18573900000000004
5.4035035035035035	0.25868800000000186	0.007184	0.9077637119999857	0.11893344
5.40940940940941	0.3065280000000011	0.006024	3.662149631999873	0.12649024
5.415315315315315	0.3051360000000015	0.014596000000000001	4.02916300799995	0.5526798399999999
5.421221221221221	0.3222080000000007	0.010759999999999999	6.833641471999773	0.16960799999999998
5.427127127127127	0.30001600000000045	0.008723999999999999	5.836441087999765	0.35094224
5.433033033033033	0.3029920000000008	0.005007999999999999	3.5146398719999	0.10802335999999998
5.438938938938938	0.23929600000000148	0.004438	3.4166087680000286	0.07736556
5.4448448448448445	0.32920000000000044	0.016382	1.869350399999927	0.56508076
5.450750750750751	0.3418400000000004	0.007086	2.5488767999998774	0.13083404
5.456656656656657	0.25817600000000107	0.005536	5.217538047999946	0.12293504000000001
5.462562562562563	0.3152000000000005	0.005878	8.149913599999847	0.28371915999999997
5.468468468468468	0.3101760000000012	0.008473999999999999	1.1308052479999333	0.11289323999999999
5.474374374374374	0.2693120000000008	0.010408	9.865408511999844	0.23767936
5.48028028028028	0.30678400000000033	0.007324	13.59263948799976	0.2716222399999999
5.4861861861861865	0.24108800000000163	0.012328	1.169498112000013	0.27353216
5.492092092092092	0.312928000000001	0.01142	3.4514104319999204	1.238668
5.497997997997998	0.2909280000000009	0.005468	3.5549240319999247	0.10272975999999999
5.503903903903904	0.2828000000000011	0.013768	3.664934399999938	0.06630175999999999
5.50980980980981	0.3735839999999996	0.004666	3.0929402879999124	0.07983243999999999
5.515715715715715	0.26723200000000097	0.006364	7.020029951999894	0.10145903999999999
5.521621621621621	0.32782400000000017	0.009292	5.424731647999758	0.51469136
5.5275275275275275	0.31232000000000043	0.009384	4.983091199999855	0.16173343999999998
5.533433433433434	0.24897600000000147	0.014816	1.9579796480000096	0.13337344
5.539339339339339	0.30000000000000077	0.009868	5.633587199999829	0.5494577599999999
5.545245245245245	0.2754080000000012	0.007922	2.2850206719999324	0.29617516000000005
5.551151151151151	0.23305600000000168	0.009804	1.42072012800002	0.48197584
5.557057057057057	0.23609600000000158	0.006742000000000001	2.750189568000041	0.17091436
5.562962962962962	0.2663520000000017	0.007126	1.7375697919999853	0.08454924000000001
5.568868868868869	0.2767040000000013	0.010204000000000001	8.27502796799987	0.61597584
5.574774774774775	0.34470400000000007	0.008038	1.7242439679999655	0.46771755999999987
5.580680680680681	0.2567360000000015	0.005158	2.740164607999964	0.15388235999999994
5.586586586586587	0.2542560000000015	0.004404	2.1654625280000146	0.09551984000000002
5.592492492492492	0.30651200000000084	0.0065	2.04382771199994	0.20669200000000001
5.598398398398398	0.31838400000000094	0.003912	3.467417087999835	0.13797856
5.604304304304304	0.28700800000000115	0.004192	4.334671871999961	0.08123135999999999
5.6102102102102105	0.33532800000000085	0.00732	0.6770872319999731	0.097216
5.616116116116116	0.24332800000000132	0.022216	4.198162432000036	0.19593344
5.622022022022022	0.2799360000000013	0.007272	3.443908607999948	0.14583616
5.627927927927928	0.30187200000000103	0.007864	2.0417592319999325	0.49111904000000006
5.633833833833834	0.3076480000000005	0.005176	3.177889791999902	0.09637024
5.639739739739739	0.2823520000000006	0.00238	6.681236991999801	0.020571999999999997
5.645645645645645	0.33646399999999993	0.012596	2.785617407999811	0.5271598399999999
5.6515515515515515	0.2485440000000009	0.009578	11.357308927999878	0.15614316000000003
5.657457457457458	0.31416000000000105	0.008448	1.2881279999999602	0.25089696
5.663363363363363	0.3001760000000008	0.0033979999999999995	7.533045247999857	0.12298796000000002
5.669269269269269	0.22508800000000104	0.018941999999999997	7.163482112000039	0.14165835999999998
5.675175175175175	0.3695840000000003	0.01081	4.330546687999804	0.4950509999999999
5.681081081081081	0.2671520000000012	0.006926000000000001	5.586785791999873	0.26296524
5.686986986986987	0.2755680000000015	0.012081999999999999	4.1114475519998726	0.10922476000000002
5.692892892892893	0.2666720000000016	0.01014	3.423237631999973	0.1671
5.698798798798799	0.31425600000000103	0.006220000000000001	1.5700065279999544	0.14646800000000004
5.704704704704705	0.29683200000000093	0.006784	4.695498751999828	0.17931744000000002
5.710610610610611	0.2998560000000005	0.0037920000000000002	8.006358527999808	0.09651936000000001
5.716516516516516	0.2576480000000013	0.007890000000000001	2.9154769919999968	0.248299
5.722422422422422	0.2730720000000013	0.005374	6.110213631999978	0.14349323999999997
5.728328328328328	0.3205920000000009	0.007809999999999999	3.4194078719999537	0.135171
5.7342342342342345	0.2721600000000009	0.018282	8.95185919999993	0.42046476000000005
5.74014014014014	0.30828800000000073	0.007037999999999999	5.433331711999754	0.17802156
5.746046046046046	0.2775520000000014	0.012058	3.173217791999965	0.5914423600000001
5.751951951951952	0.2643840000000015	0.009848	1.7089658879999596	0.30089695999999994
5.757857857857858	0.25364800000000143	0.0032	2.3095761919999656	0.06830399999999999
5.763763763763763	0.27249600000000146	0.008582	1.8822855679999557	0.24435276
5.769669669669669	0.2245760000000015	0.005252000000000001	1.9071508480000425	0.11418895999999999
5.7755755755755755	0.2584000000000014	0.015262000000000001	4.109465599999905	0.52207756
5.781481481481482	0.29979200000000095	0.0041659999999999996	2.7351710719999267	0.06040844000000002
5.787387387387387	0.30971200000000076	0.0046240000000000005	10.27709491199982	0.13856224000000003
5.793293293293293	0.24636800000000147	0.005938000000000001	2.2066155519999926	0.16281356
5.799199199199199	0.24963200000000116	0.007442	7.763761151999879	0.13634636
5.805105105105105	0.24619200000000133	0.008336	2.8035742720000005	0.32967904000000003
5.811011011011011	0.25835200000000164	0.010468	1.554683391999991	0.11278576
5.816916916916917	0.27140800000000076	0.006006	6.922716671999821	0.25044364
5.822822822822823	0.34096000000000043	0.008664	0.9137663999999813	0.25527103999999995
5.828728728728729	0.24752000000000143	0.0153	2.5318911999999996	0.169436
5.834634634634635	0.2960160000000011	0.013646	1.23663308799996	0.19947884000000005
5.84054054054054	0.23534400000000158	0.006286	2.0684897280000403	0.16913004
5.846446446446446	0.25712000000000135	0.0039380000000000005	2.0773375999999475	0.14288556000000002
5.852352352352352	0.2494560000000017	0.007451999999999999	4.584764928000093	0.15500495999999997
5.8582582582582585	0.29403200000000135	0.019392	3.787351551999947	0.8726793599999999
5.864164164164164	0.2576960000000013	0.02012	4.407277567999923	0.47168000000000004
5.87007007007007	0.3236640000000005	0.007004000000000001	1.2176686079999421	0.16065584000000002
5.875975975975976	0.2811840000000008	0.010026	2.6224250879999187	0.30914124
5.881881881881882	0.24190400000000153	0.0036079999999999997	1.9698375680000306	0.06971936000000001
5.887787787787787	0.27555200000000035	0.009946	11.562657791999635	0.20214284
5.8936936936936934	0.281552000000001	0.007208	4.759291391999853	0.23243135999999995
5.8995995995996	0.32112000000000085	0.003764	8.511948799999788	0.10783504000000001
5.905505505505506	0.27667200000000114	0.011504	3.1438520319999386	0.57654784
5.911411411411411	0.26259200000000127	0.0044340000000000004	2.35615027199996	0.09248844
5.917317317317317	0.2841920000000015	0.006364	2.231171071999948	0.13379504
5.923223223223223	0.23280000000000156	0.015618	1.8327040000000225	0.7287367600000001
5.929129129129129	0.27510400000000124	0.004964	2.8636999679999486	0.09305904000000002
5.935035035035035	0.3234239999999998	0.00601	8.483534847999625	0.136427
5.940940940940941	0.24612800000000074	0.008745999999999999	11.741394431999959	0.24125483999999997
5.946846846846847	0.3290240000000005	0.006823999999999999	2.3147028479999423	0.12491424
5.952752752752753	0.25891200000000125	0.010102	4.268582911999907	0.20147595999999998
5.958658658658659	0.26299200000000145	0.009062	2.684585471999967	0.29322955999999994
5.964564564564564	0.3643679999999996	0.008620000000000001	6.433162751999745	0.262404
5.97047047047047	0.25408000000000164	0.0046619999999999995	1.2329984000000036	0.12310956
5.976376376376376	0.26857600000000126	0.005416	4.401563647999893	0.12186143999999999
5.9822822822822825	0.3013920000000008	0.008388	1.4633630719999358	0.3238225599999999
5.988188188188188	0.32307200000000047	0.007273999999999999	1.4489272319999467	0.35703724
5.994094094094094	0.3366720000000004	0.006798	2.9580472319998696	0.25156396000000003
6.0	0.2980160000000008	0.0055060000000000005	1.3444730879999263	0.11293164
