Temperature	Energy	Magnetization	Specific heat	Susceptibility
0.1	8.0	1.0	0.0	0.0
0.10590590590590591	8.0	1.0	0.0	0.0
0.11181181181181182	8.0	1.0	0.0	0.0
0.11771771771771772	8.0	1.0	0.0	0.0
0.12362362362362363	8.0	1.0	0.0	0.0
0.12952952952952954	8.0	1.0	0.0	0.0
0.13543543543543546	8.0	1.0	0.0	0.0
0.14134134134134135	8.0	1.0	0.0	0.0
0.14724724724724725	8.0	1.0	0.0	0.0
0.15315315315315317	8.0	1.0	0.0	0.0
0.15905905905905907	8.0	1.0	0.0	0.0
0.164964964964965	8.0	1.0	0.0	0.0
0.17087087087087088	8.0	1.0	0.0	0.0
0.17677677677677678	8.0	1.0	0.0	0.0
0.18268268268268267	8.0	1.0	0.0	0.0
0.1885885885885886	8.0	1.0	0.0	0.0
0.19449449449449452	8.0	1.0	0.0	0.0
0.2004004004004004	8.0	1.0	0.0	0.0
0.2063063063063063	8.0	1.0	0.0	0.0
0.2122122122122122	8.0	1.0	0.0	0.0
0.21811811811811813	8.0	1.0	0.0	0.0
0.22402402402402405	8.0	1.0	0.0	0.0
0.22992992992992994	8.0	1.0	0.0	0.0
0.23583583583583584	8.0	1.0	0.0	0.0
0.24174174174174176	8.0	1.0	0.0	0.0
0.24764764764764766	8.0	1.0	0.0	0.0
0.2535535535535536	8.0	1.0	0.0	0.0
0.2594594594594595	8.0	1.0	0.0	0.0
0.26536536536536537	8.0	1.0	0.0	0.0
0.27127127127127126	8.0	1.0	0.0	0.0
0.27717717717717716	8.0	1.0	0.0	0.0
0.2830830830830831	8.0	1.0	0.0	0.0
0.288988988988989	8.0	1.0	0.0	0.0
0.2948948948948949	8.0	1.0	0.0	0.0
0.30080080080080085	8.0	1.0	0.0	0.0
0.30670670670670674	8.0	1.0	0.0	0.0
0.31261261261261264	8.0	1.0	0.0	0.0
0.31851851851851853	8.0	1.0	0.0	0.0
0.32442442442442443	8.0	1.0	0.0	0.0
0.3303303303303303	8.0	1.0	0.0	0.0
0.3362362362362362	8.0	1.0	0.0	0.0
0.34214214214214217	8.0	1.0	0.0	0.0
0.34804804804804806	8.0	1.0	0.0	0.0
0.353953953953954	8.0	1.0	0.0	0.0
0.3598598598598599	8.0	1.0	0.0	0.0
0.3657657657657658	8.0	1.0	0.0	0.0
0.3716716716716717	8.0	1.0	0.0	0.0
0.3775775775775776	8.0	1.0	0.0	0.0
0.3834834834834835	8.0	1.0	0.0	0.0
0.3893893893893894	8.0	1.0	0.0	0.0
0.3952952952952953	8.0	1.0	0.0	0.0
0.4012012012012012	8.0	1.0	0.0	0.0
0.4071071071071072	8.0	1.0	0.0	0.0
0.4130130130130131	8.0	1.0	0.0	0.0
0.41891891891891897	8.0	1.0	0.0	0.0
0.42482482482482486	8.0	1.0	0.0	0.0
0.43073073073073076	8.0	1.0	0.0	0.0
0.43663663663663665	8.0	1.0	0.0	0.0
0.44254254254254255	8.0	1.0	0.0	0.0
0.44844844844844844	8.0	1.0	0.0	0.0
0.45435435435435434	8.0	1.0	0.0	0.0
0.46026026026026023	7.99808	0.9998799999999999	0.012288000000000002	9.6e-05
0.46616616616616624	7.99936	0.9999600000000001	0.008191999999999998	6.399999999999998e-05
0.47207207207207214	8.0	1.0	0.0	0.0
0.47797797797797803	8.0	1.0	0.0	0.0
0.4838838838838839	7.99808	0.9998799999999999	0.012288000000000002	9.6e-05
0.4897897897897898	7.999680000000001	0.99998	0.004608	3.6e-05
0.4956956956956957	8.0	1.0	0.0	0.0
0.5016016016016016	8.0	1.0	0.0	0.0
0.5075075075075075	7.99488	0.9996799999999999	0.022528000000000003	0.00017599999999999997
0.5134134134134134	8.0	1.0	0.0	0.0
0.5193193193193193	8.0	1.0	0.0	0.0
0.5252252252252253	8.0	1.0	0.0	0.0
0.5311311311311312	8.0	1.0	0.0	0.0
0.5370370370370371	8.0	1.0	0.0	0.0
0.542942942942943	7.99872	0.99992	0.012288000000000002	9.6e-05
0.5488488488488489	8.0	1.0	0.0	0.0
0.5547547547547548	8.0	1.0	0.0	0.0
0.5606606606606607	8.0	1.0	0.0	0.0
0.5665665665665666	7.9984	0.9999	0.0128	0.0001
0.5724724724724725	8.0	1.0	0.0	0.0
0.5783783783783784	8.0	1.0	0.0	0.0
0.5842842842842844	7.996160000000001	0.99976	0.05939200000000001	0.00046400000000000006
0.5901901901901903	7.9984	0.9999	0.0128	0.0001
0.5960960960960962	8.0	1.0	0.0	0.0
0.602002002002002	7.9984	0.9999	0.0128	0.0001
0.6079079079079079	7.99776	0.9998600000000001	0.010752000000000001	8.400000000000001e-05
0.6138138138138138	7.999680000000001	0.99998	0.004608	3.6e-05
0.6197197197197197	7.997439999999999	0.99984	0.008191999999999998	6.399999999999998e-05
0.6256256256256256	8.0	1.0	0.0	0.0
0.6315315315315315	7.994560000000001	0.99966	0.051712000000000015	0.0004040000000000001
0.6374374374374374	7.995839999999999	0.99974	0.020992	0.000164
0.6433433433433433	7.9936	0.9996	0.13312000000000002	0.0010400000000000001
0.6492492492492492	7.99776	0.9998600000000001	0.020992	0.000164
0.6551551551551552	7.99392	0.9996200000000001	0.05580800000000002	0.0004359999999999999
0.6610610610610611	7.99328	0.9995799999999999	0.05580800000000002	0.0004359999999999999
0.666966966966967	7.9968	0.9998	0.02048	0.00016
0.6728728728728729	7.997439999999999	0.99984	0.008191999999999998	6.399999999999998e-05
0.6787787787787788	7.996160000000001	0.99976	0.038912	0.000304
0.6846846846846847	8.0	1.0	0.0	0.0
0.6905905905905906	7.992319999999999	0.9995200000000001	0.043008000000000005	0.00033600000000000004
0.6964964964964965	7.9952	0.9997	0.10496	0.00082
0.7024024024024024	7.99776	0.9998600000000001	0.031232000000000006	0.00024400000000000005
0.7083083083083083	7.996160000000001	0.99976	0.069632	0.000544
0.7142142142142143	7.99264	0.99954	0.041471999999999995	0.00032399999999999996
0.7201201201201202	7.997439999999999	0.99984	0.04915200000000001	0.00038400000000000006
0.7260260260260261	7.9888	0.9993	0.19712000000000002	0.0015400000000000001
0.731931931931932	7.992319999999999	0.9995200000000001	0.12492800000000003	0.000976
0.7378378378378379	7.99936	0.9999600000000001	0.018432	0.000144
0.7437437437437437	7.995839999999999	0.99974	0.072192	0.000564
0.7496496496496496	7.99264	0.99954	0.113152	0.000884
0.7555555555555555	7.99712	0.99982	0.025088000000000003	0.00019599999999999997
0.7614614614614614	7.99264	0.99954	0.123392	0.000964
0.7673673673673673	7.99136	0.99946	0.18483200000000002	0.0014440000000000002
0.7732732732732733	7.99648	0.9997799999999999	0.035328000000000005	0.00027600000000000004
0.7791791791791792	7.98688	0.99918	0.4244479999999999	0.0033160000000000004
0.7850850850850851	7.988160000000001	0.99926	0.5125120000000001	0.004004000000000001
0.790990990990991	7.99328	0.99956	0.08908800000000001	0.0008640000000000001
0.7968968968968969	7.99072	0.9994200000000001	0.301568	0.002356
0.8028028028028028	7.9904	0.9994	0.19455999999999998	0.0015199999999999999
0.8087087087087087	7.987839999999999	0.9992200000000001	0.39475200000000005	0.003396
0.8146146146146146	7.9856	0.9991	0.576	0.0045
0.8205205205205205	7.98848	0.99928	0.7700479999999998	0.0060160000000000005
0.8264264264264264	7.9792	0.99866	1.07264	0.009204
0.8323323323323324	7.99488	0.9996799999999999	0.11468800000000004	0.0008959999999999999
0.8382382382382383	7.98592	0.9991200000000001	0.42188799999999993	0.003296
0.8441441441441442	7.98528	0.9990399999999999	0.23244800000000004	0.0021440000000000005
0.8500500500500501	7.9952	0.9997	0.02304	0.00018
0.855955955955956	7.9856	0.9991	0.23808	0.00186
0.8618618618618619	7.984960000000001	0.9990600000000001	0.36915200000000004	0.0028840000000000003
0.8677677677677678	7.982080000000001	0.9988799999999999	0.36044799999999994	0.0028160000000000004
0.8736736736736737	7.98528	0.99908	0.37068799999999996	0.002896
0.8795795795795796	7.98688	0.99916	0.38604799999999995	0.0033440000000000006
0.8854854854854856	7.98976	0.99936	0.131072	0.001024
0.8913913913913915	7.97312	0.9983200000000001	1.333248	0.010416000000000002
0.8972972972972973	7.984	0.999	0.38911999999999997	0.0030399999999999997
0.9032032032032032	7.991680000000001	0.9994799999999999	0.217088	0.001696
0.9091091091091091	7.9744	0.9984	1.00352	0.00784
0.915015015015015	7.98192	0.99882	0.4250879999999999	0.003796
0.9209209209209209	7.983039999999999	0.9989399999999999	0.6763520000000002	0.005284000000000001
0.9268268268268268	7.9808	0.9988	1.5769600000000001	0.012320000000000001
0.9327327327327327	7.991680000000001	0.9994799999999999	0.176128	0.001376
0.9386386386386386	7.988160000000001	0.99926	0.399872	0.003124
0.9445445445445446	7.976319999999999	0.9985200000000001	1.036288	0.008096
0.9504504504504505	7.97952	0.99866	0.8570880000000001	0.007684000000000001
0.9563563563563564	7.96672	0.9979	2.2062079999999997	0.018019999999999998
0.9622622622622623	7.98336	0.9989600000000001	0.6123520000000001	0.004784000000000001
0.9681681681681682	7.97536	0.99844	1.1704320000000001	0.009664
0.9740740740740741	7.9622399999999995	0.99764	2.711552	0.021184
0.97997997997998	7.975039999999999	0.99844	1.1653120000000001	0.009104000000000001
0.9858858858858859	7.9675199999999995	0.9979399999999999	2.834048	0.023284
0.9917917917917918	7.988160000000001	0.99926	0.5637120000000001	0.004404000000000001
0.9976976976976977	7.96928	0.9980399999999999	2.311168	0.019183999999999996
1.0036036036036038	7.9672	0.9979	2.10752	0.01762
1.0095095095095097	7.9756800000000005	0.9984799999999999	0.677888	0.005296
1.0154154154154156	7.9696	0.9981	1.1187200000000002	0.008740000000000001
1.0213213213213215	7.97536	0.99846	1.7105920000000001	0.013364000000000001
1.0272272272272274	7.9755199999999995	0.99844	1.802368	0.015104
1.0331331331331333	7.9696	0.99802	1.83552	0.016036000000000005
1.0390390390390392	7.941439999999999	0.9962200000000001	5.3432319999999995	0.047316
1.044944944944945	7.96736	0.9979600000000001	3.1109119999999995	0.024303999999999996
1.050850850850851	7.9569600000000005	0.99726	4.381312	0.036404000000000006
1.0567567567567568	7.96672	0.9979	1.837568	0.014980000000000002
1.0626626626626627	7.97472	0.9984200000000001	1.6020480000000001	0.012516000000000001
1.0685685685685686	7.97536	0.9984	1.114112	0.00864
1.0744744744744745	7.9542399999999995	0.9970399999999999	4.104192	0.036064000000000006
1.0803803803803804	7.96448	0.9977799999999999	2.114048	0.016516000000000003
1.0862862862862863	7.96992	0.9981200000000001	1.998848	0.015616000000000003
1.0921921921921922	7.960319999999999	0.9974799999999999	6.0129280000000005	0.049616
1.098098098098098	7.9488	0.9967799999999999	3.4995199999999995	0.028115999999999995
1.1040040040040042	7.94688	0.99666	4.069888000000001	0.032724
1.1099099099099101	7.948	0.99674	3.98656	0.031684000000000004
1.115815815815816	7.97872	0.99864	1.948288	0.016304000000000003
1.121721721721722	7.9684800000000005	0.99802	2.078848	0.016676000000000003
1.1276276276276278	7.957439999999999	0.99734	4.301312000000001	0.03360400000000001
1.1335335335335337	7.95264	0.9969600000000001	2.560512	0.021584
1.1394394394394396	7.964160000000001	0.99774	3.4001919999999997	0.027603999999999997
1.1453453453453455	7.9622399999999995	0.99764	2.486272	0.019424
1.1512512512512514	7.949439999999999	0.9967600000000001	5.839872000000001	0.046784
1.1571571571571573	7.960960000000001	0.99754	3.241472	0.026164000000000003
1.1630630630630632	7.960319999999999	0.9975200000000001	4.200448000000001	0.032816000000000005
1.168968968968969	7.95328	0.99708	4.354048000000001	0.034016000000000005
1.174874874874875	7.95408	0.9971200000000001	4.4391680000000004	0.035376000000000005
1.1807807807807809	7.9436800000000005	0.9964799999999999	4.773888	0.037295999999999996
1.1866866866866868	7.9312	0.99566	8.583680000000001	0.069204
1.1925925925925926	7.944160000000001	0.9964799999999999	7.348351999999999	0.05969599999999999
1.1984984984984985	7.9542399999999995	0.9971399999999999	5.140992000000001	0.040164000000000005
1.2044044044044044	7.95792	0.9973200000000001	4.695168000000001	0.038336
1.2103103103103106	7.94912	0.99682	5.114368000000001	0.039956000000000005
1.2162162162162165	7.94128	0.9963200000000001	9.323648	0.07369599999999998
1.2221221221221223	7.943039999999999	0.99644	5.599231999999999	0.04374399999999999
1.2280280280280282	7.93952	0.99618	5.943808	0.04819599999999999
1.2339339339339341	7.964639999999999	0.9977600000000001	2.686592	0.022144
1.23983983983984	7.951039999999999	0.9969	4.178432000000001	0.03418
1.245745745745746	7.947360000000001	0.99666	6.293632	0.051123999999999996
1.2516516516516518	7.9382399999999995	0.9961399999999999	5.847551999999999	0.045683999999999995
1.2575575575575577	7.947839999999999	0.9966799999999999	4.608512	0.03889600000000001
1.2634634634634636	7.964639999999999	0.9977600000000001	4.284031999999999	0.034943999999999996
1.2693693693693695	7.936	0.996	6.51264	0.05088
1.2752752752752754	7.9408	0.9963	9.73056	0.07602
1.2811811811811813	7.93392	0.9957600000000001	10.140288	0.085024
1.2870870870870872	7.93744	0.9960600000000001	7.983231999999999	0.064644
1.292992992992993	7.9256	0.9952799999999999	12.58048	0.100496
1.298898898898899	7.9336	0.99584	12.52672	0.09894399999999999
1.3048048048048049	7.946560000000001	0.9965200000000001	7.455232	0.06401599999999999
1.3107107107107108	7.92576	0.9952799999999999	12.180992000000002	0.098496
1.3166166166166167	7.9432	0.9963799999999999	10.43008	0.08579599999999998
1.3225225225225228	7.9267199999999995	0.99536	10.705408	0.08782400000000001
1.3284284284284287	7.9144	0.9945799999999999	10.14592	0.083076
1.3343343343343346	7.9267199999999995	0.9953799999999999	11.708928	0.094036
1.3402402402402405	7.9304	0.9956	9.13984	0.07432000000000001
1.3461461461461464	7.94688	0.9965799999999999	5.088768000000001	0.04219599999999999
1.3520520520520523	7.896160000000001	0.9933	24.776832000000002	0.20881999999999998
1.3579579579579582	7.9224	0.99498	11.326080000000001	0.097636
1.363863863863864	7.936319999999999	0.9960200000000001	7.664128	0.059876
1.36976976976977	7.93248	0.9957	8.398848000000001	0.06834
1.3756756756756758	7.9222399999999995	0.9950399999999999	13.069312000000002	0.10742400000000002
1.3815815815815817	7.93968	0.9961	6.128768000000001	0.05297999999999999
1.3874874874874876	7.904319999999999	0.99398	18.211328	0.14659600000000003
1.3933933933933935	7.9249600000000004	0.9952	10.558592	0.08824
1.3992992992992994	7.932	0.99564	10.26368	0.083824
1.4052052052052053	7.91776	0.9948600000000001	12.186112	0.095204
1.4111111111111112	7.89712	0.99346	18.250367999999998	0.148484
1.417017017017017	7.94688	0.9966799999999999	6.576128	0.051376
1.422922922922923	7.92128	0.995	16.869887999999996	0.13552
1.428828828828829	7.90672	0.9941399999999999	18.683008	0.14992400000000003
1.4347347347347348	7.8992	0.99366	15.38304	0.12280400000000002
1.440640640640641	7.9176	0.99482	15.255679999999998	0.12219600000000003
1.4465465465465468	7.90608	0.9939600000000001	15.600767999999999	0.13222400000000004
1.4524524524524527	7.90128	0.99372	20.984447999999997	0.17529600000000004
1.4583583583583586	7.92064	0.99492	13.281792000000001	0.111296
1.4642642642642645	7.89008	0.99292	19.824768	0.17241599999999999
1.4701701701701704	7.89712	0.99356	17.602688	0.13862400000000002
1.4760760760760763	7.9136	0.9945	13.80096	0.11625999999999999
1.4819819819819822	7.9107199999999995	0.9942799999999999	24.800767999999998	0.20281600000000002
1.487887887887888	7.9081600000000005	0.9942200000000001	19.656192	0.15691600000000003
1.493793793793794	7.89872	0.99356	22.953087999999997	0.18918400000000002
1.4996996996996999	7.89088	0.9930399999999999	24.447487999999996	0.20190400000000003
1.5056056056056057	7.882560000000001	0.99244	23.268352	0.19918400000000003
1.5115115115115116	7.902080000000001	0.99374	17.696768	0.148404
1.5174174174174175	7.85456	0.99064	39.225472	0.33518400000000004
1.5233233233233234	7.91776	0.99484	16.456192	0.130944
1.5292292292292293	7.90096	0.9936	18.891392	0.1628
1.5351351351351352	7.84704	0.99018	46.231552	0.39219600000000004
1.5410410410410411	7.891839999999999	0.99306	25.336832	0.217844
1.546946946946947	7.88512	0.99274	34.142208000000004	0.27528400000000003
1.552852852852853	7.902880000000001	0.99382	18.785408	0.15499600000000002
1.558758758758759	7.88512	0.99254	28.633088	0.247044
1.564664664664665	7.89312	0.99316	19.312127999999998	0.161424
1.5705705705705708	7.876639999999999	0.9922	26.983552000000003	0.22136
1.5764764764764767	7.878239999999999	0.99234	23.307392	0.188564
1.5823823823823826	7.87632	0.9918600000000001	20.899967999999998	0.18224400000000002
1.5882882882882885	7.9016	0.99374	19.285120000000003	0.15752400000000003
1.5941941941941944	7.89088	0.9931399999999999	23.827968000000002	0.18800400000000003
1.6001001001001003	7.870239999999999	0.9917600000000001	26.876032000000002	0.21718400000000002
1.6060060060060062	7.8768	0.9921	29.60384	0.25122
1.611911911911912	7.888319999999999	0.9927799999999999	20.118528	0.169956
1.617817817817818	7.8856	0.9927	25.92064	0.21258000000000002
1.6237237237237239	7.868639999999999	0.9916	33.552512	0.27871999999999997
1.6296296296296298	7.85872	0.9911	44.347007999999995	0.35738000000000003
1.6355355355355357	7.877439999999999	0.99224	26.724352000000003	0.218944
1.6414414414414416	7.86256	0.99134	37.295232	0.299524
1.6473473473473474	7.8968	0.9934799999999999	24.27712	0.194816
1.6532532532532533	7.8608	0.99108	32.47616	0.26561599999999996
1.6591591591591592	7.851360000000001	0.9906	37.192832	0.302
1.6650650650650651	7.8672	0.99144	33.149440000000006	0.281664
1.6709709709709712	7.82768	0.989	63.867008	0.52792
1.6768768768768771	7.8616	0.9912799999999999	38.264959999999995	0.305296
1.682782782782783	7.880960000000001	0.99244	27.256832	0.220944
1.688688688688689	7.83968	0.98966	52.377087999999986	0.445924
1.6945945945945948	7.8574399999999995	0.9910200000000001	34.527872	0.280516
1.7005005005005007	7.871519999999999	0.99192	42.380928	0.339296
1.7064064064064066	7.85008	0.9905200000000001	47.349888	0.3828160000000001
1.7123123123123125	7.851360000000001	0.99066	45.791872000000005	0.365684
1.7182182182182184	7.89648	0.9933799999999999	27.960448	0.23403599999999997
1.7241241241241243	7.86256	0.99136	37.784192000000004	0.30206400000000005
1.7300300300300302	7.85712	0.9908	39.864447999999996	0.33416
1.735935935935936	7.864960000000001	0.99126	40.218112	0.338644
1.741841841841842	7.8496	0.9904799999999999	36.54912	0.299296
1.7477477477477479	7.84864	0.9902200000000001	45.783552	0.39435600000000004
1.7536536536536538	7.84128	0.98982	55.438847999999986	0.46267600000000003
1.7595595595595597	7.8654399999999995	0.9913799999999999	35.434112	0.29803599999999997
1.7654654654654656	7.836639999999999	0.9896799999999999	54.367872	0.4351360000000001
1.7713713713713715	7.8704	0.9918600000000001	40.10496	0.319444
1.7772772772772774	7.8768	0.9921399999999999	34.38592	0.285204
1.7831831831831833	7.84512	0.9901	53.495808	0.43882
1.7890890890890894	7.854080000000001	0.9907	44.402688	0.36841999999999997
1.7949949949949953	7.838239999999999	0.9897799999999999	47.821952	0.38443600000000006
1.8009009009009012	7.84784	0.99046	55.102592	0.4362440000000001
1.806806806806807	7.862080000000001	0.99118	39.011328000000006	0.31843599999999994
1.812712712712713	7.8512	0.9905799999999999	52.64128	0.43083600000000005
1.8186186186186188	7.84192	0.98988	43.99564799999999	0.36545600000000006
1.8245245245245247	7.847519999999999	0.9902200000000001	46.538368	0.39147600000000005
1.8304304304304306	7.838080000000001	0.9896	55.909888	0.47808
1.8363363363363365	7.84288	0.98998	52.668928	0.4281960000000001
1.8422422422422424	7.84368	0.9900200000000001	53.475967999999995	0.44883600000000007
1.8481481481481483	7.820639999999999	0.9886799999999999	56.318592	0.456496
1.8540540540540542	7.8307199999999995	0.98934	58.147328	0.46784400000000004
1.85995995995996	7.80496	0.98762	71.53523200000001	0.585076
1.865865865865866	7.85312	0.9906200000000001	43.184127999999994	0.35963600000000007
1.871771771771772	7.855519999999999	0.9907600000000001	37.07404800000001	0.308864
1.8776776776776778	7.8296	0.9892	58.45568000000001	0.47328000000000003
1.8835835835835837	7.82976	0.9890200000000001	57.055232000000004	0.4813160000000001
1.8894894894894896	7.83392	0.9895	63.12908799999999	0.50642
1.8953953953953955	7.851039999999999	0.99054	48.666752	0.397204
1.9013013013013014	7.81072	0.9878399999999999	67.978368	0.5600639999999999
1.9072072072072075	7.8353600000000005	0.98956	61.197952	0.501424
1.9131131131131134	7.837439999999999	0.98964	54.077952	0.447744
1.9190190190190193	7.830080000000001	0.98906	55.057407999999995	0.468164
1.9249249249249252	7.8299199999999995	0.98908	61.440128	0.5259360000000001
1.930830830830831	7.83392	0.9895	62.80396799999999	0.51162
1.936736736736737	7.84576	0.99024	45.171712	0.364144
1.9426426426426429	7.8296	0.98916	61.76576	0.510544
1.9485485485485488	7.8128	0.98806	78.04415999999999	0.649524
1.9544544544544546	7.7854399999999995	0.98614	94.49587199999999	0.7872839999999999
1.9603603603603605	7.8068800000000005	0.9876	75.963008	0.6296
1.9662662662662664	7.798719999999999	0.9871	80.78540799999999	0.6889
1.9721721721721723	7.816960000000001	0.98824	60.239872	0.5104640000000001
1.9780780780780782	7.8	0.9872200000000001	90.39872	0.7425160000000001
1.9839839839839841	7.80064	0.9873200000000001	85.379072	0.7024960000000001
1.98988988988989	7.81888	0.9883200000000001	67.36588799999998	0.5784960000000001
1.995795795795796	7.82224	0.9886	61.067392000000005	0.5141600000000001
2.001701701701702	7.804	0.98764	95.10464	0.7651039999999999
2.0076076076076075	7.79552	0.98708	82.61068799999998	0.665536
2.0135135135135136	7.821439999999999	0.9886	67.19539200000001	0.54696
2.0194194194194197	7.79712	0.98706	73.41260799999999	0.6049640000000001
2.0253253253253254	7.80368	0.98756	69.642368	0.5718240000000001
2.0312312312312315	7.781280000000001	0.9859600000000001	99.59180800000001	0.8412640000000001
2.037137137137137	7.79312	0.98662	93.90092800000001	0.8177960000000001
2.0430430430430433	7.80656	0.98746	81.171072	0.7084039999999999
2.048948948948949	7.81296	0.98806	72.464512	0.600244
2.054854854854855	7.796639999999999	0.9869600000000001	77.174912	0.643824
2.0607607607607608	7.808160000000001	0.9878	85.277312	0.69048
2.066666666666667	7.774560000000001	0.98534	107.193472	0.9376039999999999
2.0725725725725725	7.791519999999999	0.9865799999999999	94.79948800000001	0.7969160000000001
2.0784784784784787	7.8088	0.98766	78.1728	0.6700039999999999
2.0843843843843843	7.80768	0.9876	86.414848	0.72568
2.0902902902902905	7.78528	0.9862200000000001	94.783488	0.786676
2.096196196196196	7.7694399999999995	0.9852	98.15667200000001	0.8379200000000001
2.1021021021021022	7.779039999999999	0.98598	91.56979199999999	0.7536360000000001
2.1080080080080084	7.78592	0.98618	76.615168	0.655796
2.113913913913914	7.8281600000000005	0.98906	71.642112	0.588084
2.11981981981982	7.80288	0.98744	75.583488	0.6282240000000001
2.125725725725726	7.75824	0.9846	112.057472	0.91824
2.131631631631632	7.7694399999999995	0.9853799999999999	103.77331199999999	0.857396
2.1375375375375376	7.779839999999999	0.9859600000000001	99.52819199999999	0.8310240000000002
2.1434434434434437	7.79616	0.98708	83.011072	0.6672960000000001
2.1493493493493494	7.76208	0.9844799999999999	100.695168	0.877136
2.1552552552552555	7.762560000000001	0.9847	101.77075199999999	0.8620200000000001
2.161161161161161	7.8032	0.98724	86.88128	0.739664
2.1670670670670673	7.73872	0.98298	145.579648	1.261636
2.172972972972973	7.7832	0.98618	91.02656	0.754596
2.178878878878879	7.78096	0.9859	89.611392	0.76642
2.1847847847847848	7.764639999999999	0.9848399999999999	120.49523199999999	1.0254240000000001
2.190690690690691	7.748480000000001	0.9839399999999999	112.644608	0.935924
2.196596596596597	7.786560000000001	0.9864200000000001	95.43475199999999	0.7829160000000001
2.2025025025025027	7.75904	0.98474	106.506752	0.862084
2.208408408408409	7.753439999999999	0.98444	120.83571199999999	0.980144
2.2143143143143145	7.81296	0.9882	78.485632	0.63552
2.2202202202202206	7.7384	0.98334	128.54848	1.064164
2.2261261261261263	7.795839999999999	0.98688	95.41939200000002	0.8068960000000001
2.2320320320320324	7.7728	0.9852200000000001	110.80192	0.962196
2.237937937937938	7.73968	0.9833	119.40108800000002	1.01146
2.243843843843844	7.7854399999999995	0.98616	101.08787199999999	0.863504
2.24974974974975	7.7580800000000005	0.9845200000000001	120.68300799999999	1.008016
2.255655655655656	7.7419199999999995	0.98346	108.966528	0.9175240000000001
2.2615615615615616	7.7336	0.9828	133.93728000000002	1.14144
2.2674674674674677	7.7792	0.9859	92.54912	0.76786
2.2733733733733734	7.7888	0.98636	102.71744	0.8705439999999999
2.2792792792792795	7.75024	0.9837	134.470272	1.1685
2.285185185185185	7.7216	0.9820399999999999	140.10112	1.219184
2.2910910910910913	7.74528	0.9839	127.72556800000001	1.0280200000000002
2.296996996996997	7.74672	0.98372	141.670528	1.195696
2.302902902902903	7.762239999999999	0.98474	111.478272	0.9343239999999999
2.308808808808809	7.76272	0.9848399999999999	128.93196799999998	1.078544
2.314714714714715	7.7336	0.9831	134.36736000000002	1.10458
2.320620620620621	7.797280000000001	0.9870399999999999	92.743808	0.775424
2.3265265265265267	7.762560000000001	0.98464	110.385152	0.958304
2.332432432432433	7.74768	0.9837	111.62380800000001	0.93658
2.3383383383383385	7.74224	0.9835	121.242752	1.0100200000000001
2.3442442442442446	7.717280000000001	0.9819	153.054848	1.27938
2.3501501501501503	7.740480000000001	0.9834799999999999	137.22828800000002	1.136016
2.3560560560560564	7.723839999999999	0.9823200000000001	155.54611200000002	1.2989760000000001
2.361961961961962	7.7792	0.9859600000000001	100.02944000000001	0.8179040000000001
2.367867867867868	7.7473600000000005	0.9839	105.316992	0.87546
2.373773773773774	7.7472	0.9839200000000001	131.56351999999998	1.086336
2.37967967967968	7.7606399999999995	0.98472	132.900352	1.100896
2.3855855855855856	7.743519999999999	0.9837600000000001	134.046848	1.095504
2.3914914914914918	7.761760000000001	0.98498	119.48403199999998	0.960276
2.3973973973973974	7.748480000000001	0.9839600000000001	129.461248	1.066144
2.4033033033033036	7.714239999999999	0.98164	155.02387199999998	1.300304
2.4092092092092092	7.739039999999999	0.98326	130.75059199999998	1.079604
2.4151151151151153	7.74832	0.98388	126.720128	1.0578560000000001
2.421021021021021	7.726719999999999	0.9825200000000001	151.367168	1.289296
2.426926926926927	7.73584	0.98324	135.44051199999998	1.1122239999999999
2.4328328328328332	7.73296	0.98264	126.086272	1.0747039999999999
2.438738738738739	7.751360000000001	0.98414	129.349632	1.079284
2.444644644644645	7.747839999999999	0.9839399999999999	129.498112	1.0728039999999999
2.4505505505505507	7.67232	0.9786	181.91564799999998	1.58696
2.456456456456457	7.695360000000001	0.9806	177.50579199999999	1.45848
2.4623623623623625	7.7259199999999995	0.9823799999999999	143.992448	1.2317960000000001
2.4682682682682686	7.7112	0.9815	126.09343999999999	1.0601
2.4741741741741743	7.7091199999999995	0.98126	168.50892800000005	1.449924
2.4800800800800804	7.701280000000001	0.9809	185.346688	1.54946
2.485985985985986	7.715839999999999	0.98162	150.925312	1.315476
2.491891891891892	7.72832	0.9826600000000001	129.842688	1.090404
2.497797797797798	7.74032	0.9835200000000001	148.477568	1.200736
2.503703703703704	7.7	0.98088	168.1824	1.391616
2.5096096096096097	7.7336	0.9829399999999999	147.28	1.221604
2.5155155155155158	7.70816	0.98114	165.85267199999998	1.4158439999999999
2.5214214214214214	7.736960000000001	0.9832	156.10931200000005	1.2744799999999998
2.5273273273273276	7.70688	0.98114	189.902848	1.645284
2.5332332332332332	7.708480000000001	0.98126	191.669248	1.603364
2.5391391391391394	7.70752	0.9812	159.346688	1.3728799999999999
2.5450450450450455	7.7016	0.9808600000000001	166.90752	1.3966439999999998
2.550950950950951	7.7224	0.9820200000000001	148.58816000000002	1.291876
2.5568568568568573	7.750560000000001	0.9839600000000001	145.324672	1.221984
2.562762762762763	7.672160000000001	0.97862	205.215872	1.797396
2.568668668668669	7.714239999999999	0.98146	174.940672	1.5124040000000003
2.5745745745745747	7.715839999999999	0.98164	162.662912	1.3995039999999999
2.580480480480481	7.69072	0.97982	201.56684799999996	1.7500360000000001
2.5863863863863865	7.686560000000001	0.9798399999999999	176.96627200000003	1.487024
2.5922922922922926	7.6886399999999995	0.9798600000000001	181.78099200000003	1.5735240000000001
2.5981981981981983	7.719519999999999	0.9821	156.68236800000003	1.3057
2.6041041041041044	7.700639999999999	0.9806	149.141632	1.2840799999999999
2.61001001001001	7.7128	0.98156	177.41888	1.463184
2.615915915915916	7.710719999999999	0.98154	170.395648	1.4243240000000001
2.621821821821822	7.68288	0.9798399999999999	205.44460799999996	1.7005439999999996
2.627727727727728	7.674239999999999	0.97934	214.38771200000002	1.765844
2.6336336336336337	7.7128	0.9815200000000001	172.69312	1.470176
2.63953953953954	7.70096	0.981	173.441152	1.4152799999999999
2.6454454454454455	7.66432	0.9778399999999999	195.73196799999997	1.7370240000000001
2.6513513513513516	7.67232	0.9785799999999999	188.671488	1.6410760000000002
2.6572572572572573	7.68928	0.98	206.245888	1.7313599999999998
2.6631631631631634	7.6568	0.9776	247.28127999999998	2.158
2.6690690690690695	7.68832	0.9799	189.564928	1.6209799999999999
2.674974974974975	7.6784	0.97916	197.9008	1.6996639999999996
2.6808808808808813	7.66688	0.9783200000000001	225.69932800000004	1.9746559999999997
2.686786786786787	7.66512	0.9787600000000001	203.788928	1.669504
2.692692692692693	7.69488	0.9806600000000001	201.74860799999996	1.643204
2.6985985985985987	7.683039999999999	0.9797	204.69363199999998	1.71442
2.704504504504505	7.692	0.98036	175.94688	1.469504
2.7104104104104105	7.72	0.9819200000000001	164.58496	1.418816
2.7163163163163166	7.667039999999999	0.9787399999999999	226.433152	1.878884
2.7222222222222223	7.688160000000001	0.9799200000000001	205.20563200000004	1.747856
2.7281281281281284	7.680960000000001	0.97926	201.672192	1.7550439999999998
2.734034034034034	7.6417600000000006	0.9769200000000001	228.24563199999997	1.942416
2.7399399399399402	7.70144	0.98072	200.463872	1.702336
2.745845845845846	7.673760000000001	0.979	200.78451199999998	1.7013599999999998
2.751751751751752	7.661760000000001	0.97796	201.487872	1.753104
2.7576576576576577	7.66752	0.9784	245.95148799999998	2.12184
2.763563563563564	7.70752	0.98124	169.340928	1.441024
2.7694694694694695	7.6976	0.9805	200.93696	1.71402
2.7753753753753756	7.69296	0.98	204.19443200000003	1.77512
2.7812812812812817	7.635039999999999	0.9763200000000001	238.349952	2.096336
2.7871871871871874	7.64608	0.97736	234.626048	1.960304
2.7930930930930935	7.64432	0.9771799999999999	264.803968	2.235236
2.798998998998999	7.647360000000001	0.97706	250.092032	2.1554439999999997
2.8049049049049053	7.648	0.9773	264.5248	2.28226
2.810810810810811	7.65296	0.97788	248.292992	2.056976
2.816716716716717	7.696	0.9805200000000001	188.3136	1.5900960000000002
2.8226226226226228	7.66512	0.97814	222.77132799999998	1.954404
2.828528528528529	7.66944	0.9785200000000001	193.057792	1.656496
2.8344344344344345	7.64416	0.97708	227.86867200000003	1.950336
2.8403403403403407	7.6464	0.97724	233.3312	1.9847039999999998
2.8462462462462463	7.6472	0.9773799999999999	242.448	2.040036
2.8521521521521525	7.6504	0.97772	258.50432	2.1338559999999998
2.858058058058058	7.67968	0.9794200000000001	206.043648	1.728916
2.8639639639639642	7.64688	0.9769200000000001	213.176448	1.8759360000000005
2.86986986986987	7.653919999999999	0.9778399999999999	250.498688	2.1049439999999997
2.875775775775776	7.67328	0.9790399999999999	219.95468799999998	1.8607040000000001
2.8816816816816817	7.66944	0.9788399999999999	228.02483199999998	1.892304
2.887587587587588	7.69344	0.98056	196.82867199999998	1.611584
2.893493493493494	7.677919999999999	0.97954	204.352128	1.673284
2.8993993993993996	7.6425600000000005	0.97682	237.71699200000003	2.052596
2.9053053053053057	7.632639999999999	0.97634	264.005632	2.221044
2.9112112112112114	7.6417600000000006	0.97706	247.62227199999998	2.0818440000000002
2.9171171171171175	7.651680000000001	0.97754	235.09772800000002	2.0225640000000005
2.923023023023023	7.6612800000000005	0.9785	213.319808	1.75794
2.9289289289289293	7.6304	0.9759399999999999	240.72704	2.091364
2.934834834834835	7.64832	0.9773799999999999	247.16236800000001	2.0977959999999998
2.940740740740741	7.65152	0.9776799999999999	242.856448	2.049376
2.9466466466466468	7.6024	0.97436	280.00576	2.385104
2.952552552552553	7.613919999999999	0.97524	292.091008	2.4405439999999996
2.9584584584584586	7.679360000000001	0.9793200000000001	207.091712	1.7901760000000002
2.9643643643643647	7.622560000000001	0.9757600000000001	235.87955200000005	2.001904
2.9702702702702704	7.63904	0.9767399999999999	256.407552	2.180804
2.9761761761761765	7.59072	0.9734799999999999	321.96556799999996	2.7923359999999997
2.982082082082082	7.622560000000001	0.97572	256.02419199999997	2.2039359999999997
2.9879879879879883	7.628639999999999	0.97624	263.107712	2.221744
2.993893893893894	7.6688	0.9788	250.21184	2.07728
2.9997997997998	7.630719999999999	0.9764	267.568128	2.23904
3.0057057057057057	7.652480000000001	0.9776799999999999	258.165248	2.1728959999999997
3.011611611611612	7.616	0.9753200000000001	273.76896	2.325856
3.017517517517518	7.631360000000001	0.97634	288.934912	2.4084840000000005
3.0234234234234236	7.6283199999999995	0.9762200000000001	314.880128	2.663636
3.0293293293293297	7.635839999999999	0.9767	294.354432	2.46298
3.0352352352352354	7.5918399999999995	0.9738	308.09203199999996	2.6486400000000003
3.0411411411411415	7.608639999999999	0.9746600000000001	290.455552	2.4806440000000003
3.047047047047047	7.6352	0.9764	237.61152	2.05456
3.0529529529529533	7.6552	0.9777399999999999	256.33856000000003	2.174644
3.058858858858859	7.571839999999999	0.9719200000000001	331.387392	2.9344159999999997
3.064764764764765	7.62432	0.97564	283.91116800000003	2.481184
3.070670670670671	7.64832	0.9771200000000001	247.49772800000002	2.1521760000000003
3.076576576576577	7.627839999999999	0.97608	266.668032	2.226816
3.0824824824824826	7.570880000000001	0.97224	360.09932799999996	3.0981439999999996
3.0883883883883887	7.600639999999999	0.9743200000000001	328.924672	2.780496
3.0942942942942944	7.65808	0.97782	261.995648	2.252276
3.1002002002002005	7.5704	0.9720200000000001	310.06528	2.7263559999999996
3.106106106106106	7.5936	0.97352	322.74944	2.836576
3.1120120120120123	7.62208	0.9754200000000001	301.995008	2.580116
3.117917917917918	7.67104	0.9790399999999999	218.55027199999998	1.8150239999999997
3.123823823823824	7.65504	0.9777399999999999	247.97491200000002	2.108164
3.12972972972973	7.5963199999999995	0.97356	294.48972799999996	2.6352639999999994
3.135635635635636	7.6144	0.97516	277.84192	2.3882239999999997
3.141541541541542	7.594239999999999	0.97382	334.92275199999995	2.878916
3.1474474474474476	7.62528	0.9758	274.93580799999995	2.3416799999999998
3.1533533533533538	7.608160000000001	0.9744	294.60851199999996	2.6036799999999998
3.1592592592592594	7.629760000000001	0.97598	269.724672	2.381956
3.1651651651651656	7.616160000000001	0.9753	261.74067199999996	2.2158599999999997
3.1710710710710712	7.59168	0.9736	302.44556800000004	2.57616
3.1769769769769773	7.58288	0.9728600000000001	353.50796799999995	3.0672040000000003
3.182882882882883	7.5704	0.9720799999999999	392.21312	3.403536
3.188788788788789	7.58896	0.97344	311.325312	2.646624
3.194694694694695	7.597760000000001	0.97404	321.459712	2.7216640000000005
3.200600600600601	7.58096	0.9730200000000001	325.11603199999996	2.7409159999999995
3.2065065065065066	7.64352	0.97688	278.939648	2.443776
3.2124124124124127	7.608639999999999	0.97478	283.994112	2.382436
3.2183183183183184	7.6248	0.97564	292.70848	2.4814239999999996
3.2242242242242245	7.59664	0.9739200000000001	306.47155200000003	2.6452159999999996
3.23013013013013	7.573119999999999	0.97246	342.00012799999996	2.9140040000000003
3.2360360360360363	7.60624	0.97456	277.182592	2.386864
3.2419419419419424	7.561439999999999	0.9717	383.181952	3.3239400000000003
3.247847847847848	7.57424	0.97252	388.918912	3.3632960000000005
3.253753753753754	7.570239999999999	0.97226	336.89651200000003	2.885124
3.25965965965966	7.599360000000001	0.9742	339.228672	2.91688
3.265565565565566	7.56272	0.9714799999999999	382.208128	3.3605759999999996
3.2714714714714717	7.5856	0.97304	322.56768	2.860144
3.2773773773773778	7.584639999999999	0.97324	342.65139200000004	2.9465440000000003
3.2832832832832834	7.609439999999999	0.97478	301.20819200000005	2.585556
3.2891891891891896	7.58896	0.9733200000000001	316.02035199999995	2.7341759999999997
3.2950950950950952	7.607360000000001	0.97452	328.840192	2.8432159999999995
3.3010010010010014	7.603039999999999	0.9744200000000001	329.035392	2.8310760000000004
3.306906906906907	7.59488	0.9738399999999999	329.86060799999996	2.789424
3.312812812812813	7.5872	0.97334	353.05728	3.0574439999999994
3.318718718718719	7.61568	0.9752	275.542528	2.3757599999999996
3.324624624624625	7.57072	0.97226	342.98124800000005	2.909604
3.3305305305305306	7.54064	0.9700200000000001	390.147712	3.465236
3.3364364364364367	7.616160000000001	0.9753	326.01459199999994	2.7801
3.3423423423423424	7.58608	0.9733	329.42348799999996	2.85394
3.3482482482482485	7.598560000000001	0.9742200000000001	329.84691200000003	2.813796
3.354154154154154	7.55552	0.9712200000000001	375.53612799999996	3.2725159999999995
3.3600600600600603	7.591360000000001	0.9737	331.556352	2.8401
3.3659659659659664	7.613760000000001	0.9753200000000001	299.113472	2.5398560000000003
3.371871871871872	7.59968	0.97426	343.02156799999995	2.9045639999999997
3.377777777777778	7.57472	0.9722799999999999	380.784128	3.324736
3.383683683683684	7.555680000000001	0.97124	382.267008	3.251024
3.38958958958959	7.582560000000001	0.97282	322.860672	2.854276
3.3954954954954957	7.5856	0.9732200000000001	291.78368	2.550276
3.401401401401402	7.6032	0.9747	313.50784	2.60546
3.4073073073073075	7.59328	0.97396	344.9415680000001	2.9123040000000002
3.4132132132132136	7.55872	0.9716	356.348928	3.0444
3.4191191191191193	7.536	0.9702	390.35136	3.29728
3.4250250250250254	7.5712	0.9721200000000001	349.78816	3.0723359999999995
3.430930930930931	7.55472	0.9712799999999999	375.291008	3.2012159999999996
3.436836836836837	7.60832	0.9747600000000001	317.38572800000003	2.7063839999999995
3.442742742742743	7.5584	0.9711799999999999	377.98656	3.370596
3.448648648648649	7.55008	0.9708	408.89548800000006	3.5772800000000005
3.4545545545545546	7.54944	0.97104	415.09171200000003	3.521344
3.4604604604604607	7.57712	0.9726	321.64364800000004	2.79288
3.4663663663663664	7.555680000000001	0.97106	378.685568	3.2868840000000006
3.4722722722722725	7.52336	0.9689	419.71827200000007	3.7060199999999996
3.4781781781781786	7.55408	0.97114	390.98124799999994	3.4242439999999994
3.4840840840840843	7.55808	0.9710200000000001	372.026368	3.2882759999999993
3.4899899899899904	7.546239999999999	0.9709	381.632512	3.21842
3.495895895895896	7.52272	0.969	437.591168	3.8040800000000004
3.5018018018018022	7.53472	0.96972	417.829888	3.6382559999999997
3.507707707707708	7.55088	0.97098	394.05580799999996	3.3462759999999996
3.513613613613614	7.5568	0.97136	396.38016	3.375264
3.5195195195195197	7.56608	0.9716600000000001	412.935168	3.648804
3.525425425425426	7.55664	0.97144	374.928512	3.223184
3.5313313313313315	7.474239999999999	0.96616	514.970112	4.439984
3.5372372372372376	7.54144	0.9701	426.80883199999994	3.75682
3.5431431431431433	7.56	0.9714799999999999	417.57184	3.6082560000000004
3.5490490490490494	7.547039999999999	0.9708399999999999	409.80851199999995	3.5195039999999995
3.554954954954955	7.5537600000000005	0.9712	362.095232	3.09744
3.560860860860861	7.574560000000001	0.97278	389.569152	3.3066759999999995
3.566766766766767	7.5723199999999995	0.97214	368.21260800000005	3.2266440000000003
3.572672672672673	7.5448	0.9707399999999999	391.49632	3.3055240000000006
3.5785785785785786	7.52256	0.9691200000000001	478.728192	4.151456
3.5844844844844848	7.49728	0.96754	448.6932479999999	3.9002439999999994
3.590390390390391	7.55824	0.97134	434.17715200000004	3.7251240000000005
3.5962962962962965	7.548960000000001	0.9704200000000001	390.659712	3.5069159999999995
3.6022022022022027	7.539680000000001	0.9703200000000001	414.23884799999996	3.5380160000000003
3.6081081081081083	7.514880000000001	0.9688	471.2442880000001	4.0516
3.6140140140140145	7.59088	0.97344	353.73324799999995	3.0766240000000002
3.61991991991992	7.53808	0.96986	405.50924799999996	3.5668840000000004
3.6258258258258262	7.535360000000001	0.9693799999999999	415.99795200000005	3.7627560000000004
3.631731731731732	7.5464	0.9702799999999999	452.63167999999996	3.9925759999999997
3.637637637637638	7.517119999999999	0.96886	434.12684799999994	3.749764
3.6435435435435437	7.54656	0.9707600000000001	433.582592	3.707824
3.64944944944945	7.52528	0.96944	399.24236800000006	3.4049439999999995
3.6553553553553555	7.5670399999999995	0.97206	398.44147200000003	3.414964
3.6612612612612616	7.55872	0.9714200000000001	369.033728	3.1689159999999994
3.6671671671671673	7.54064	0.9702799999999999	393.073792	3.3492960000000007
3.6730730730730734	7.492319999999999	0.967	487.611008	4.17288
3.678978978978979	7.4792	0.9660200000000001	502.8256	4.489876
3.684884884884885	7.52912	0.9695600000000001	445.21484799999996	3.8439840000000003
3.690790790790791	7.505439999999999	0.9682200000000001	456.203392	3.9113960000000008
3.696696696696697	7.55024	0.9711799999999999	373.68435200000005	3.136596
3.7026026026026027	7.555039999999999	0.9711799999999999	383.72979200000003	3.315396
3.7085085085085088	7.5812800000000005	0.97306	352.358528	2.9649639999999997
3.714414414414415	7.539839999999999	0.9705	434.839552	3.6987400000000004
3.7203203203203206	7.530239999999999	0.9693	426.19699199999997	3.75674
3.7262262262262267	7.513439999999999	0.96834	438.00691199999994	3.8339240000000006
3.7321321321321324	7.55088	0.9709	363.32044799999994	3.09522
3.7380380380380385	7.50368	0.96762	466.879488	4.136915999999999
3.743943943943944	7.496160000000001	0.96734	486.710912	4.254004
3.7498498498498503	7.519360000000001	0.9690799999999999	439.5781119999999	3.7654560000000004
3.755755755755756	7.51408	0.96864	483.809408	4.161504
3.761661661661662	7.476319999999999	0.9657600000000001	464.494208	4.105664
3.7675675675675677	7.547839999999999	0.97072	426.824192	3.6674560000000005
3.773473473473474	7.5163199999999994	0.9684200000000001	429.21484799999996	3.768436
3.7793793793793795	7.50864	0.96806	473.429632	4.1132040000000005
3.7852852852852856	7.53632	0.96986	400.88780800000006	3.5452839999999997
3.7911911911911913	7.5112	0.9681799999999999	485.04384000000005	4.216436
3.7970970970970974	7.51728	0.9687	468.5236479999999	4.09554
3.803003003003003	7.531680000000001	0.9693799999999999	379.47660799999994	3.279956
3.808908908908909	7.506880000000001	0.9677	498.7514880000001	4.4675400000000005
3.814814814814815	7.589119999999999	0.97326	327.45676799999995	2.8873640000000003
3.820720720720721	7.49488	0.9671799999999999	503.37292799999994	4.3825959999999995
3.826626626626627	7.4896	0.967	504.06656	4.34584
3.832532532532533	7.527839999999999	0.96924	459.99987200000004	4.056703999999999
3.838438438438439	7.51376	0.9685600000000001	434.83763200000004	3.755664
3.8443443443443446	7.50576	0.9681200000000001	514.384512	4.405936
3.8502502502502507	7.474880000000001	0.9656600000000001	507.81388799999996	4.508404
3.8561561561561564	7.5483199999999995	0.9707600000000001	393.218688	3.4162240000000006
3.8620620620620625	7.54	0.96998	398.47232	3.5639560000000006
3.867967967967968	7.51328	0.9682799999999999	472.97484799999995	4.107856000000001
3.8738738738738743	7.50016	0.9678399999999999	478.30835199999996	4.0755040000000005
3.87977977977978	7.49408	0.96726	480.465408	4.116403999999999
3.885685685685686	7.511360000000001	0.96846	439.65235200000006	3.7716039999999995
3.8915915915915917	7.53936	0.9701200000000001	401.95443200000005	3.500096
3.897497497497498	7.525760000000001	0.96952	469.57363200000003	3.9825760000000003
3.9034034034034035	7.5088	0.96836	498.75712000000004	4.2209439999999985
3.9093093093093096	7.5	0.96752	491.3056	4.219136
3.9152152152152153	7.48128	0.9664200000000001	493.76716799999997	4.296836000000001
3.9211211211211214	7.50128	0.9677600000000001	467.374208	4.0292639999999995
3.927027027027027	7.495839999999999	0.96746	496.152192	4.270803999999999
3.9329329329329332	7.52256	0.9692200000000001	456.16947200000004	3.8867560000000005
3.9388388388388393	7.509119999999999	0.9677	474.37772799999993	4.289540000000001
3.944744744744745	7.48256	0.96624	541.770752	4.782144000000001
3.950650650650651	7.48672	0.96696	536.1044479999999	4.522784
3.956556556556557	7.5217600000000004	0.9690799999999999	453.510272	3.921616
3.962462462462463	7.48336	0.9663799999999999	502.34483199999994	4.3613159999999995
3.9683683683683686	7.495360000000001	0.9673799999999999	529.4699519999999	4.548596
3.9742742742742747	7.50784	0.96834	490.547712	4.177204
3.9801801801801804	7.507039999999999	0.9678	476.09715199999994	4.23
3.9860860860860865	7.49216	0.9673	515.5486719999999	4.3813
3.991991991991992	7.47536	0.9656600000000001	531.843712	4.688884
3.9978978978978983	7.482239999999999	0.96644	558.602752	4.7734239999999994
4.0038038038038035	7.503839999999999	0.9678200000000001	495.37395200000003	4.254436
4.00970970970971	7.4844800000000005	0.9669	573.8311679999999	4.82714
4.015615615615616	7.47808	0.9657600000000001	548.0545279999999	4.835184
4.021521521521522	7.510560000000001	0.96836	451.444352	3.9086239999999997
4.027427427427427	7.447360000000001	0.9644	573.901312	4.8836
4.033333333333333	7.48752	0.9668399999999999	552.4122880000001	4.806544
4.039239239239239	7.473439999999999	0.96596	565.067392	4.785183999999999
4.0451451451451454	7.48752	0.9666799999999999	511.984768	4.500736
4.051051051051051	7.52192	0.96898	430.655488	3.7243559999999998
4.056956956956957	7.466880000000001	0.9656	602.7898880000001	5.20544
4.062862862862863	7.520160000000001	0.9686799999999999	512.620672	4.484976
4.068768768768769	7.4888	0.9667	507.60256	4.41314
4.074674674674675	7.47392	0.96572	559.776768	4.951136
4.08058058058058	7.4448	0.9644799999999999	622.7814400000001	5.191696
4.0864864864864865	7.48112	0.9658200000000001	509.36076800000006	4.591636
4.092392392392393	7.44752	0.96406	531.028608	4.661924
4.098298298298299	7.5032	0.9675799999999999	523.76896	4.675076
4.104204204204204	7.4688	0.96516	590.39232	5.135504
4.11011011011011	7.50784	0.96846	448.532992	3.789764
4.116016016016016	7.50144	0.96798	523.3925119999999	4.411876
4.121921921921921	7.456160000000001	0.9644799999999999	554.827392	4.903696
4.1278278278278275	7.4704	0.96588	529.71008	4.570736
4.133733733733734	7.476319999999999	0.966	549.409408	4.77864
4.13963963963964	7.460319999999999	0.9645799999999999	550.231168	4.889156
4.145545545545545	7.4912	0.9669200000000001	512.81408	4.4685760000000005
4.151451451451451	7.5216	0.9691	433.5488	3.7281
4.157357357357357	7.498239999999999	0.9674	444.636672	3.90312
4.163263263263263	7.46656	0.9653200000000001	551.3579520000001	4.836816000000001
4.169169169169169	7.464160000000001	0.96514	580.708992	5.094484
4.175075075075075	7.45872	0.96462	613.673088	5.449316000000001
4.180980980980981	7.458080000000001	0.96498	595.648128	5.111476
4.186886886886887	7.47392	0.9655600000000001	557.2782080000001	4.871584
4.192792792792793	7.45248	0.9646399999999999	537.097728	4.606064
4.198698698698698	7.525760000000001	0.96952	443.76627199999996	3.807696000000001
4.204604604604604	7.432639999999999	0.96306	547.369472	4.727443999999999
4.2105105105105105	7.50992	0.9680799999999999	503.708288	4.381296000000001
4.216416416416417	7.46272	0.9651200000000001	554.201088	4.861776
4.222322322322322	7.47744	0.96598	548.808192	4.827635999999999
4.228228228228228	7.48592	0.9666	491.970688	4.26696
4.234134134134134	7.44928	0.96426	619.0177279999999	5.4286439999999985
4.24004004004004	7.46512	0.9650200000000001	586.368128	5.218675999999999
4.245945945945945	7.4496	0.9642200000000001	583.24224	5.113236
4.2518518518518515	7.43456	0.96344	600.0696320000001	5.181824000000001
4.257757757757758	7.44176	0.9633799999999999	601.378432	5.403956
4.263663663663664	7.4376	0.9635600000000001	591.7062400000001	5.206384
4.269569569569569	7.45936	0.9648	581.182592	5.08512
4.275475475475475	7.4824	0.96662	544.1568	4.705955999999999
4.281381381381381	7.4096	0.9612200000000001	631.8592	5.696915999999999
4.287287287287287	7.458080000000001	0.9649200000000001	579.3153279999999	5.019936
4.2931931931931935	7.45936	0.96496	576.208512	4.993264
4.299099099099099	7.485760000000001	0.96626	540.3166719999999	4.835844
4.305005005005005	7.49648	0.9674200000000001	538.985088	4.664036
4.310910910910911	7.45408	0.9643799999999999	529.896448	4.691155999999999
4.316816816816817	7.45648	0.96478	583.285888	4.959636
4.322722722722722	7.4072	0.9612799999999999	649.7952	5.687616000000001
4.328628628628628	7.4729600000000005	0.96604	547.4667519999999	4.726464
4.3345345345345345	7.44976	0.9643799999999999	582.524032	5.0047559999999995
4.340440440440441	7.47232	0.9659	527.641088	4.522819999999999
4.346346346346346	7.41136	0.9615	625.9672320000001	5.57578
4.352252252252252	7.4736	0.9663200000000001	555.48416	4.638096000000001
4.358158158158158	7.47872	0.9666600000000001	522.3572479999999	4.400244
4.364064064064064	7.4889600000000005	0.967	543.626752	4.6932
4.3699699699699694	7.484960000000001	0.96644	531.4750720000001	4.6483039999999995
4.375875875875876	7.45568	0.9647	545.740288	4.7425
4.381781781781782	7.43808	0.96342	584.683008	5.117636
4.387687687687688	7.4809600000000005	0.9664	512.911872	4.45584
4.393593593593593	7.4616	0.96536	542.37248	4.6215839999999995
4.399499499499499	7.450080000000001	0.9649	567.8977279999999	4.76818
4.405405405405405	7.45776	0.96472	586.481792	5.126336
4.411311311311311	7.428160000000001	0.96272	633.4238720000001	5.508576
4.4172172172172175	7.43008	0.96286	643.038208	5.659364
4.423123123123123	7.450080000000001	0.9642200000000001	602.444928	5.266115999999999
4.429029029029029	7.4768	0.96606	563.74016	4.911283999999999
4.434934934934935	7.44192	0.9635600000000001	611.880448	5.382944
4.440840840840841	7.4848	0.9665	559.33952	4.91026
4.446746746746746	7.42528	0.96278	652.1415679999999	5.643396
4.452652652652652	7.42288	0.96224	580.915328	5.209904000000001
4.4585585585585585	7.436	0.9635	613.03616	5.3477
4.464464464464465	7.4208	0.9621200000000001	660.94848	5.901216
4.47037037037037	7.46736	0.96534	566.447232	5.026803999999999
4.476276276276276	7.46528	0.96516	541.357568	4.756304
4.482182182182182	7.407360000000001	0.96116	634.6705919999999	5.733824
4.488088088088088	7.4312	0.96294	623.56032	5.514404
4.4939939939939935	7.4435199999999995	0.96372	613.710848	5.412896
4.4998998998999	7.39664	0.9607600000000001	669.9019519999999	5.926783999999999
4.505805805805806	7.444960000000001	0.9640200000000001	629.059712	5.405556
4.511711711711712	7.441439999999999	0.9637600000000001	587.779712	5.160944000000001
4.517617617617617	7.4408	0.96434	604.06848	5.054884
4.523523523523523	7.368	0.9590200000000001	779.9168	6.697956000000001
4.529429429429429	7.451039999999999	0.9640799999999999	635.6133120000001	5.6300159999999995
4.535335335335335	7.43728	0.96354	642.209408	5.576003999999999
4.5412412412412415	7.4176	0.96246	671.35744	5.744164
4.547147147147147	7.47664	0.96606	545.055872	4.726244
4.553053053053053	7.498239999999999	0.96762	513.779712	4.412596
4.558958958958959	7.4264	0.96206	610.5478400000001	5.659763999999999
4.564864864864865	7.441439999999999	0.9637600000000001	602.520192	5.261824000000001
4.57077077077077	7.479360000000001	0.9661799999999999	541.919232	4.737716
4.576676676676676	7.439839999999999	0.9636	589.0392320000001	5.20632
4.5825825825825826	7.46448	0.9648	557.9137279999999	4.89952
4.588488488488489	7.448160000000001	0.96388	570.169472	5.012976
4.594394394394394	7.391360000000001	0.9607399999999999	728.0926719999999	6.209764
4.6003003003003	7.3984	0.961	745.89952	6.51384
4.606206206206206	7.4712	0.9657	545.3216	4.716419999999999
4.612112112112112	7.415360000000001	0.9618	577.4981120000001	5.071359999999999
4.6180180180180175	7.428960000000001	0.9624799999999999	660.8728319999999	5.887296
4.623923923923924	7.452319999999999	0.9642799999999999	550.410368	4.802175999999999
4.62982982982983	7.404960000000001	0.9615	652.614272	5.604019999999999
4.635735735735736	7.41568	0.96214	611.3402880000001	5.325204
4.641641641641642	7.4328	0.96336	623.43744	5.366464
4.647547547547547	7.4328	0.96304	649.83104	5.729664
4.653453453453453	7.41184	0.96198	645.204992	5.612915999999999
4.659359359359359	7.43168	0.9635799999999999	675.3018880000001	5.667636
4.6652652652652655	7.408	0.96136	706.1248	6.221184000000001
4.671171171171171	7.394880000000001	0.9606399999999999	710.0743679999999	6.201904000000002
4.677077077077077	7.403519999999999	0.9611	699.0177279999999	6.08634
4.682982982982983	7.404160000000001	0.96094	698.030592	6.181923999999999
4.688888888888889	7.428319999999999	0.96294	631.613568	5.568883999999999
4.694794794794794	7.40448	0.9610799999999999	681.883648	6.075296
4.7007007007007005	7.37328	0.9594	773.148288	6.635439999999999
4.706606606606607	7.447839999999999	0.96414	613.732992	5.329764
4.712512512512513	7.43248	0.9627600000000001	632.6068479999999	5.6457440000000005
4.718418418418418	7.42192	0.9625	649.397888	5.67634
4.724324324324324	7.4355199999999995	0.96306	655.198208	5.790084
4.73023023023023	7.396319999999999	0.9605	649.751168	5.76514
4.736136136136136	7.4161600000000005	0.96186	600.052352	5.279843999999999
4.7420420420420415	7.370239999999999	0.9590200000000001	823.4680319999999	7.257316
4.747947947947948	7.41408	0.9613799999999999	595.6577279999999	5.451556
4.753853853853854	7.423039999999999	0.9625600000000001	706.9624319999998	6.121824
4.75975975975976	7.41392	0.9613799999999999	675.568768	6.099076000000001
4.765665665665666	7.377439999999999	0.95972	717.489792	6.222016000000001
4.771571571571571	7.450880000000001	0.96444	620.356608	5.334864
4.777477477477477	7.418080000000001	0.9616	672.307328	6.10616
4.783383383383383	7.41792	0.96196	637.9873279999999	5.716704
4.7892892892892895	7.4216	0.96244	681.86432	5.954304000000001
4.795195195195195	7.3648	0.95924	729.92768	6.107984
4.801101101101101	7.36528	0.9588200000000001	746.3194880000001	6.408996
4.807007007007007	7.38128	0.95944	788.546688	7.062864
4.812912912912913	7.38144	0.9599200000000001	759.3323519999999	6.648336000000001
4.818818818818818	7.3716800000000005	0.9593799999999999	769.830528	6.607475999999999
4.8247247247247245	7.456639999999999	0.9646399999999999	520.594432	4.532784
4.830630630630631	7.363360000000001	0.95862	743.824512	6.434516000000001
4.836536536536537	7.39168	0.9606600000000001	683.7985280000001	5.928723999999999
4.842442442442442	7.37392	0.9591799999999999	731.220608	6.371236
4.848348348348348	7.423839999999999	0.96242	617.880192	5.419636
4.854254254254254	7.3876800000000005	0.9597600000000001	717.511808	6.410303999999999
4.86016016016016	7.40992	0.9611	755.7831680000002	6.80362
4.8660660660660655	7.406560000000001	0.96188	714.200192	5.996656
4.871971971971972	7.39008	0.96	693.5009279999999	6.234719999999999
4.877877877877878	7.4136	0.96214	669.32032	5.801764
4.883783783783784	7.38592	0.9596600000000001	699.877888	6.341843999999999
4.88968968968969	7.4	0.9609200000000001	694.6841599999999	5.999936
4.895595595595595	7.40448	0.9611200000000001	687.390208	6.068175999999999
4.901501501501501	7.42208	0.96272	620.7738879999999	5.349536
4.907407407407407	7.462560000000001	0.9651	538.118272	4.62858
4.913313313313314	7.3696	0.9589799999999999	767.2601599999999	6.784916
4.919219219219219	7.40384	0.9609	658.5758720000001	5.8173
4.925125125125125	7.4024	0.96114	729.7824	6.423284000000001
4.931031031031031	7.40768	0.9615	641.9041279999999	5.617380000000001
4.936936936936937	7.38912	0.9603200000000001	752.4961279999999	6.551615999999999
4.942842842842842	7.412160000000001	0.9616399999999999	710.152192	6.2548639999999995
4.9487487487487485	7.38992	0.9601200000000001	753.211008	6.706896
4.954654654654655	7.344639999999999	0.9574799999999999	786.734592	6.895455999999999
4.960560560560561	7.382560000000001	0.9601	730.3307519999998	6.33978
4.966466466466466	7.3921600000000005	0.96052	722.963072	6.288976
4.972372372372372	7.3696	0.959	765.5987200000001	6.70432
4.978278278278278	7.3952	0.96072	726.2566400000001	6.305616
4.984184184184184	7.413760000000001	0.9614799999999999	688.847872	6.244976000000001
4.99009009009009	7.34448	0.95706	766.9761280000001	6.8599239999999995
4.995995995995996	7.389760000000001	0.96078	732.339712	6.230596
5.001901901901902	7.39504	0.9604799999999999	733.830272	6.464256
5.007807807807808	7.35888	0.9579200000000001	728.8986880000001	6.483136
5.013713713713714	7.37856	0.9593	733.4712319999999	6.569139999999999
5.019619619619619	7.367839999999999	0.95904	720.6513920000002	6.217423999999999
5.025525525525525	7.38352	0.9602200000000001	725.552768	6.225076
5.0314314314314315	7.396	0.96034	689.45728	6.0837639999999995
5.037337337337338	7.3696	0.9589	728.29952	6.36826
5.043243243243243	7.40384	0.9613799999999999	726.9739519999998	6.255316
5.049149149149149	7.428319999999999	0.9630200000000001	673.735808	5.894515999999999
5.055055055055055	7.35312	0.9577	782.684288	7.0345
5.060960960960961	7.39328	0.96052	711.9380480000001	6.272256
5.066866866866866	7.4081600000000005	0.9613	703.3841919999999	6.1953
5.0727727727727725	7.39232	0.96054	682.042368	6.001283999999999
5.078678678678679	7.418880000000001	0.9621799999999999	667.235328	5.825876000000001
5.084584584584585	7.3956800000000005	0.96078	686.3873279999999	5.911876000000001
5.09049049049049	7.3608	0.9586600000000001	733.0592	6.314724000000001
5.096396396396396	7.3472	0.9576399999999999	856.96	7.559264
5.102302302302302	7.42576	0.9627	633.2888320000001	5.4945
5.108208208208208	7.3824	0.9598200000000001	704.97024	6.091396
5.114114114114114	7.38784	0.95972	738.1688320000001	6.589856
5.12002002002002	7.41344	0.9617600000000001	695.8085120000001	6.092864
5.125925925925926	7.373760000000001	0.95952	772.4318720000001	6.644976
5.131831831831832	7.36992	0.9589200000000001	702.652928	6.211536
5.137737737737738	7.35792	0.9583200000000001	771.238528	6.732095999999999
5.143643643643643	7.364319999999999	0.9581200000000001	803.8170880000001	7.255936
5.149549549549549	7.3816	0.9599799999999999	711.01248	6.133636
5.1554554554554555	7.37472	0.9598	807.2366079999998	6.90464
5.161361361361362	7.338080000000001	0.95676	846.2004479999998	7.416623999999999
5.167267267267267	7.34656	0.9572	822.625792	7.300960000000001
5.173173173173173	7.35504	0.9577600000000001	833.9902720000001	7.400784
5.179079079079079	7.36832	0.95844	769.604608	6.892704000000001
5.184984984984985	7.38736	0.95978	719.312512	6.535316
5.19089089089089	7.368	0.95896	742.34368	6.520304
5.1967967967967965	7.3228800000000005	0.9561799999999999	868.5946879999999	7.506516
5.202702702702703	7.34864	0.95786	868.8702719999999	7.493684
5.208608608608609	7.38496	0.95978	747.791872	6.586355999999999
5.214514514514514	7.3984	0.96062	749.33248	6.667795999999999
5.22042042042042	7.34928	0.95742	815.2756480000002	7.236116
5.226326326326326	7.35168	0.9581200000000001	819.4708479999999	7.1256960000000005
5.232232232232232	7.383039999999999	0.9596399999999999	719.411712	6.364944
5.2381381381381384	7.3136	0.9553	927.5340800000001	8.23746
5.244044044044044	7.3841600000000005	0.95934	661.131392	6.031443999999999
5.24994994994995	7.36688	0.95878	845.3146879999999	7.358516000000001
5.255855855855856	7.369280000000001	0.95834	764.087808	6.876563999999998
5.261761761761762	7.34432	0.9573200000000001	812.392448	7.106736
5.267667667667667	7.3664	0.9587200000000001	797.3657599999999	7.010095999999999
5.273573573573573	7.373760000000001	0.95888	815.2401919999999	7.293776000000001
5.2794794794794795	7.40592	0.96094	680.276608	6.116804
5.285385385385386	7.36464	0.9589	806.0581119999999	6.990419999999999
5.291291291291291	7.3441600000000005	0.9578200000000001	785.1531519999999	6.644836
5.297197197197197	7.35088	0.95794	810.293888	6.986484
5.303103103103103	7.32112	0.9556600000000001	886.7482879999999	7.884163999999998
5.309009009009009	7.3299199999999995	0.9564600000000001	863.6922879999998	7.570323999999999
5.314914914914914	7.3352	0.9568	848.7456	7.332
5.3208208208208205	7.42064	0.9622799999999999	644.6808319999999	5.667456000000001
5.326726726726727	7.3219199999999995	0.9563200000000001	797.5137279999999	6.743536
5.332632632632633	7.35168	0.9578399999999999	777.394688	6.811504000000001
5.338538538538539	7.35792	0.95824	782.871168	6.866543999999998
5.344444444444444	7.383839999999999	0.9599	755.759232	6.67402
5.35035035035035	7.33184	0.95626	843.645952	7.496243999999999
5.356256256256256	7.366560000000001	0.95836	861.474432	7.719263999999998
5.3621621621621625	7.348960000000001	0.95786	837.5973119999999	7.223123999999999
5.368068068068068	7.3544	0.9577399999999999	786.7910400000001	6.999604000000001
5.373973973973974	7.3952	0.96072	702.1696	6.123456
5.37987987987988	7.332319999999999	0.9559200000000001	796.321408	7.284416
5.385785785785786	7.36688	0.9586399999999999	809.244288	7.017343999999999
5.391691691691691	7.37248	0.9589799999999999	797.3422080000001	7.080596000000001
5.397597597597597	7.376639999999999	0.95972	713.971712	6.1393759999999995
5.4035035035035035	7.389760000000001	0.96026	683.891712	5.980964
5.40940940940941	7.334239999999999	0.95652	848.444032	7.491376
5.415315315315315	7.3662399999999995	0.95834	743.842432	6.557283999999999
5.421221221221221	7.354080000000001	0.9579799999999999	841.6538879999999	7.380675999999999
5.427127127127127	7.34864	0.9579799999999999	821.482112	7.025075999999999
5.433033033033033	7.325760000000001	0.95606	909.4123519999999	7.9096839999999995
5.438938938938938	7.3864	0.96006	846.55424	7.4336839999999995
5.4448448448448445	7.33184	0.95634	884.8849920000001	7.882404000000001
5.450750750750751	7.315519999999999	0.9554799999999999	900.5153280000001	7.914496000000001
5.456656656656657	7.32848	0.9564600000000001	810.4167680000002	7.077204000000001
5.462562562562563	7.35088	0.9578	821.6807680000002	7.186960000000001
5.468468468468468	7.31296	0.95534	912.645632	7.906404000000001
5.474374374374374	7.3416	0.9571200000000001	811.49504	7.064096000000001
5.48028028028028	7.36896	0.9585	811.121152	7.357139999999999
5.4861861861861865	7.292	0.9536	913.5545599999999	8.2088
5.492092092092092	7.348160000000001	0.9581200000000001	857.649152	7.289536
5.497997997997998	7.353439999999999	0.9577399999999999	799.151232	7.0607240000000004
5.503903903903904	7.332319999999999	0.9564799999999999	833.730688	7.278416
5.50980980980981	7.3379199999999996	0.9564799999999999	816.1377279999999	7.420416
5.515715715715715	7.37264	0.9593	748.3096319999999	6.44634
5.521621621621621	7.331360000000001	0.9572	859.7413119999999	7.22664
5.5275275275275275	7.3552	0.9576	796.9894400000001	7.109439999999999
5.533433433433434	7.324960000000001	0.9560799999999999	822.9464320000001	7.199216000000001
5.539339339339339	7.3688	0.9592	814.416	7.0388
5.545245245245245	7.37264	0.95926	787.0168319999998	6.924244
5.551151151151151	7.34272	0.95704	769.061888	6.923744
5.557057057057057	7.325760000000001	0.95604	861.885952	7.537024000000001
5.562962962962962	7.33712	0.9558200000000001	808.489088	7.559716000000001
5.568868868868869	7.3033600000000005	0.9548	908.8977919999998	7.89912
5.574774774774775	7.3856	0.9596399999999999	760.86272	6.799024
5.580680680680681	7.350560000000001	0.95734	829.8149119999999	7.514003999999999
5.586586586586587	7.31872	0.9555799999999999	930.208768	8.157476
5.592492492492492	7.3201600000000004	0.95616	906.1029120000001	7.8097439999999985
5.598398398398398	7.340960000000001	0.9569200000000001	777.219712	6.8487360000000015
5.604304304304304	7.316960000000001	0.9549799999999999	865.6677119999999	7.745396
5.6102102102102105	7.31568	0.9552	861.770368	7.70096
5.616116116116116	7.32848	0.95616	820.943488	7.286463999999999
5.622022022022022	7.3334399999999995	0.95634	898.327552	8.037443999999999
5.627927927927928	7.304639999999999	0.9541799999999999	910.7947519999999	8.178996000000001
5.633833833833834	7.321280000000001	0.95594	848.2324480000001	7.376804000000001
5.639739739739739	7.2992	0.9539	893.01504	8.10618
5.645645645645645	7.324960000000001	0.95588	930.9477119999999	8.251696
5.6515515515515515	7.35584	0.95814	850.122752	7.368084
5.657457457457458	7.309760000000001	0.9551799999999999	894.1880319999998	7.8515559999999995
5.663363363363363	7.34	0.9569200000000001	816.55872	7.1643360000000005
5.669269269269269	7.3144	0.95534	913.2678400000001	8.107923999999999
5.675175175175175	7.315360000000001	0.95526	866.2027519999999	7.735763999999999
5.681081081081081	7.367039999999999	0.95924	767.501312	6.5216639999999995
5.686986986986987	7.359839999999999	0.9579200000000001	829.2696319999999	7.3569759999999995
5.692892892892893	7.35296	0.95794	841.0629120000001	7.375043999999999
5.698798798798799	7.3228800000000005	0.9560200000000001	826.3239679999999	7.285716000000001
5.704704704704705	7.318239999999999	0.95524	862.3192319999998	7.786624000000001
5.710610610610611	7.33392	0.9565	787.9271679999999	6.9900199999999995
5.716516516516516	7.35952	0.95824	862.420608	7.614704000000001
5.722422422422422	7.30912	0.955	902.793728	7.88968
5.728328328328328	7.3032	0.9538	880.40768	7.993760000000001
5.7342342342342345	7.2912	0.95386	972.4006400000001	8.496483999999999
5.74014014014014	7.3273600000000005	0.9554600000000001	773.471232	7.101684
5.746046046046046	7.32176	0.95586	881.1224320000002	7.636083999999999
5.751951951951952	7.356	0.9574799999999999	823.67808	7.497856000000001
5.757857857857858	7.289439999999999	0.9531	956.4965119999999	8.75498
5.763763763763763	7.3388800000000005	0.95704	823.295488	7.280543999999999
5.769669669669669	7.28816	0.9531799999999999	927.066752	8.428996
5.7755755755755755	7.29984	0.95452	884.9669120000001	7.760816
5.781481481481482	7.324160000000001	0.9563200000000001	844.657152	7.367136
5.787387387387387	7.30288	0.9547200000000001	930.462848	8.068655999999999
5.793293293293293	7.3088	0.9544799999999999	906.30656	8.155456
5.799199199199199	7.3384	0.9565	896.528	7.8821
5.805105105105105	7.32528	0.95616	892.411008	7.830304000000001
5.811011011011011	7.327839999999999	0.9564	869.727872	7.562880000000001
5.816916916916917	7.3544	0.95794	792.57408	7.031683999999999
5.822822822822823	7.345280000000001	0.95694	879.080448	7.831604
5.828728728728729	7.336639999999999	0.95686	894.9201919999998	7.785923999999999
5.834634634634635	7.306080000000001	0.95462	895.7850879999999	7.961236
5.84054054054054	7.31712	0.95552	917.974528	8.057296
5.846446446446446	7.3288	0.95588	888.848	8.017936
5.852352352352352	7.32832	0.95588	839.1598080000002	7.657616
5.8582582582582585	7.3227199999999995	0.9554600000000001	879.0042879999999	7.808644
5.864164164164164	7.302239999999999	0.9545399999999999	922.5278720000001	8.295204
5.87007007007007	7.31712	0.9557	849.965568	7.444260000000001
5.875975975975976	7.32752	0.9562200000000001	954.6394879999999	8.381076
5.881881881881882	7.283519999999999	0.9533	905.678848	7.978339999999999
5.887787787787787	7.326239999999999	0.95636	913.350272	7.9135040000000005
5.8936936936936934	7.3312	0.9568200000000001	829.51168	7.074036000000001
5.8995995995996	7.3361600000000005	0.9569	856.415872	7.50322
5.905505505505506	7.2976	0.95386	1000.40704	8.969683999999999
5.911411411411411	7.2776	0.95276	949.58912	8.400144000000001
5.917317317317317	7.34576	0.9575	812.8139520000001	7.161460000000001
5.923223223223223	7.2984	0.95406	974.1932800000001	8.718803999999999
5.929129129129129	7.276	0.95286	957.6428800000001	8.471124
5.935035035035035	7.306080000000001	0.9549200000000001	903.221888	7.981456
5.940940940940941	7.29488	0.9538399999999999	930.775168	8.309584
5.946846846846847	7.308	0.9548200000000001	957.61728	8.447396
5.952752752752753	7.247839999999999	0.95126	1025.204352	8.935044
5.958658658658659	7.30848	0.9546600000000001	924.226048	8.146804000000001
5.964564564564564	7.296	0.95436	954.18624	8.382544000000001
5.97047047047047	7.2992	0.95406	928.27904	8.246564
5.976376376376376	7.31088	0.9550799999999999	879.8516480000001	7.785695999999999
5.9822822822822825	7.23728	0.9507	1086.6561279999999	9.422419999999999
5.988188188188188	7.318560000000001	0.9556600000000001	928.3006719999998	8.066163999999999
5.994094094094094	7.346239999999999	0.9571200000000001	861.148672	7.733695999999999
6.0	7.26512	0.9515	1002.7777279999999	9.10298
