Temperature	Energy	Magnetization	Specific heat	Susceptibility
0.1	8.0	1.0	0.0	0.0
0.10590590590590591	8.0	1.0	0.0	0.0
0.11181181181181182	8.0	1.0	0.0	0.0
0.11771771771771772	8.0	1.0	0.0	0.0
0.12362362362362363	8.0	1.0	0.0	0.0
0.12952952952952954	8.0	1.0	0.0	0.0
0.13543543543543546	8.0	1.0	0.0	0.0
0.14134134134134135	8.0	1.0	0.0	0.0
0.14724724724724725	8.0	1.0	0.0	0.0
0.15315315315315317	8.0	1.0	0.0	0.0
0.15905905905905907	8.0	1.0	0.0	0.0
0.164964964964965	8.0	1.0	0.0	0.0
0.17087087087087088	8.0	1.0	0.0	0.0
0.17677677677677678	8.0	1.0	0.0	0.0
0.18268268268268267	8.0	1.0	0.0	0.0
0.1885885885885886	8.0	1.0	0.0	0.0
0.19449449449449452	8.0	1.0	0.0	0.0
0.2004004004004004	8.0	1.0	0.0	0.0
0.2063063063063063	8.0	1.0	0.0	0.0
0.2122122122122122	8.0	1.0	0.0	0.0
0.21811811811811813	8.0	1.0	0.0	0.0
0.22402402402402405	8.0	1.0	0.0	0.0
0.22992992992992994	8.0	1.0	0.0	0.0
0.23583583583583584	8.0	1.0	0.0	0.0
0.24174174174174176	8.0	1.0	0.0	0.0
0.24764764764764766	8.0	1.0	0.0	0.0
0.2535535535535536	8.0	1.0	0.0	0.0
0.2594594594594595	8.0	1.0	0.0	0.0
0.26536536536536537	8.0	1.0	0.0	0.0
0.27127127127127126	8.0	1.0	0.0	0.0
0.27717717717717716	8.0	1.0	0.0	0.0
0.2830830830830831	8.0	1.0	0.0	0.0
0.288988988988989	8.0	1.0	0.0	0.0
0.2948948948948949	8.0	1.0	0.0	0.0
0.30080080080080085	8.0	1.0	0.0	0.0
0.30670670670670674	8.0	1.0	0.0	0.0
0.31261261261261264	8.0	1.0	0.0	0.0
0.31851851851851853	8.0	1.0	0.0	0.0
0.32442442442442443	8.0	1.0	0.0	0.0
0.3303303303303303	8.0	1.0	0.0	0.0
0.3362362362362362	8.0	1.0	0.0	0.0
0.34214214214214217	8.0	1.0	0.0	0.0
0.34804804804804806	8.0	1.0	0.0	0.0
0.353953953953954	8.0	1.0	0.0	0.0
0.3598598598598599	8.0	1.0	0.0	0.0
0.3657657657657658	8.0	1.0	0.0	0.0
0.3716716716716717	8.0	1.0	0.0	0.0
0.3775775775775776	8.0	1.0	0.0	0.0
0.3834834834834835	8.0	1.0	0.0	0.0
0.3893893893893894	8.0	1.0	0.0	0.0
0.3952952952952953	8.0	1.0	0.0	0.0
0.4012012012012012	8.0	1.0	0.0	0.0
0.4071071071071072	8.0	1.0	0.0	0.0
0.4130130130130131	8.0	1.0	0.0	0.0
0.41891891891891897	8.0	1.0	0.0	0.0
0.42482482482482486	8.0	1.0	0.0	0.0
0.43073073073073076	8.0	1.0	0.0	0.0
0.43663663663663665	8.0	1.0	0.0	0.0
0.44254254254254255	8.0	1.0	0.0	0.0
0.44844844844844844	8.0	1.0	0.0	0.0
0.45435435435435434	8.0	1.0	0.0	0.0
0.46026026026026023	8.0	1.0	0.0	0.0
0.46616616616616624	8.0	1.0	0.0	0.0
0.47207207207207214	8.0	1.0	0.0	0.0
0.47797797797797803	8.0	1.0	0.0	0.0
0.4838838838838839	8.0	1.0	0.0	0.0
0.4897897897897898	8.0	1.0	0.0	0.0
0.4956956956956957	8.0	1.0	0.0	0.0
0.5016016016016016	8.0	1.0	0.0	0.0
0.5075075075075075	8.0	1.0	0.0	0.0
0.5134134134134134	8.0	1.0	0.0	0.0
0.5193193193193193	8.0	1.0	0.0	0.0
0.5252252252252253	8.0	1.0	0.0	0.0
0.5311311311311312	8.0	1.0	0.0	0.0
0.5370370370370371	8.0	1.0	0.0	0.0
0.542942942942943	8.0	1.0	0.0	0.0
0.5488488488488489	8.0	1.0	0.0	0.0
0.5547547547547548	8.0	1.0	0.0	0.0
0.5606606606606607	8.0	1.0	0.0	0.0
0.5665665665665666	8.0	1.0	0.0	0.0
0.5724724724724725	8.0	1.0	0.0	0.0
0.5783783783783784	8.0	1.0	0.0	0.0
0.5842842842842844	8.0	1.0	0.0	0.0
0.5901901901901903	8.0	1.0	0.0	0.0
0.5960960960960962	8.0	1.0	0.0	0.0
0.602002002002002	8.0	1.0	0.0	0.0
0.6079079079079079	8.0	1.0	0.0	0.0
0.6138138138138138	8.0	1.0	0.0	0.0
0.6197197197197197	8.0	1.0	0.0	0.0
0.6256256256256256	8.0	1.0	0.0	0.0
0.6315315315315315	8.0	1.0	0.0	0.0
0.6374374374374374	8.0	1.0	0.0	0.0
0.6433433433433433	8.0	1.0	0.0	0.0
0.6492492492492492	8.0	1.0	0.0	0.0
0.6551551551551552	8.0	1.0	0.0	0.0
0.6610610610610611	8.0	1.0	0.0	0.0
0.666966966966967	8.0	1.0	0.0	0.0
0.6728728728728729	8.0	1.0	0.0	0.0
0.6787787787787788	8.0	1.0	0.0	0.0
0.6846846846846847	8.0	1.0	0.0	0.0
0.6905905905905906	8.0	1.0	0.0	0.0
0.6964964964964965	8.0	1.0	0.0	0.0
0.7024024024024024	8.0	1.0	0.0	0.0
0.7083083083083083	8.0	1.0	0.0	0.0
0.7142142142142143	8.0	1.0	0.0	0.0
0.7201201201201202	8.0	1.0	0.0	0.0
0.7260260260260261	8.0	1.0	0.0	0.0
0.731931931931932	8.0	1.0	0.0	0.0
0.7378378378378379	8.0	1.0	0.0	0.0
0.7437437437437437	8.0	1.0	0.0	0.0
0.7496496496496496	8.0	1.0	0.0	0.0
0.7555555555555555	8.0	1.0	0.0	0.0
0.7614614614614614	8.0	1.0	0.0	0.0
0.7673673673673673	8.0	1.0	0.0	0.0
0.7732732732732733	8.0	1.0	0.0	0.0
0.7791791791791792	8.0	1.0	0.0	0.0
0.7850850850850851	8.0	1.0	0.0	0.0
0.790990990990991	8.0	1.0	0.0	0.0
0.7968968968968969	8.0	1.0	0.0	0.0
0.8028028028028028	8.0	1.0	0.0	0.0
0.8087087087087087	8.0	1.0	0.0	0.0
0.8146146146146146	8.0	1.0	0.0	0.0
0.8205205205205205	8.0	1.0	0.0	0.0
0.8264264264264264	8.0	1.0	0.0	0.0
0.8323323323323324	8.0	1.0	0.0	0.0
0.8382382382382383	8.0	1.0	0.0	0.0
0.8441441441441442	8.0	1.0	0.0	0.0
0.8500500500500501	8.0	1.0	0.0	0.0
0.855955955955956	8.0	1.0	0.0	0.0
0.8618618618618619	8.0	1.0	0.0	0.0
0.8677677677677678	8.0	1.0	0.0	0.0
0.8736736736736737	8.0	1.0	0.0	0.0
0.8795795795795796	8.0	1.0	0.0	0.0
0.8854854854854856	8.0	1.0	0.0	0.0
0.8913913913913915	8.0	1.0	0.0	0.0
0.8972972972972973	8.0	1.0	0.0	0.0
0.9032032032032032	8.0	1.0	0.0	0.0
0.9091091091091091	8.0	1.0	0.0	0.0
0.915015015015015	8.0	1.0	0.0	0.0
0.9209209209209209	8.0	1.0	0.0	0.0
0.9268268268268268	8.0	1.0	0.0	0.0
0.9327327327327327	8.0	1.0	0.0	0.0
0.9386386386386386	8.0	1.0	0.0	0.0
0.9445445445445446	8.0	1.0	0.0	0.0
0.9504504504504505	8.0	1.0	0.0	0.0
0.9563563563563564	8.0	1.0	0.0	0.0
0.9622622622622623	8.0	1.0	0.0	0.0
0.9681681681681682	8.0	1.0	0.0	0.0
0.9740740740740741	8.0	1.0	0.0	0.0
0.97997997997998	8.0	1.0	0.0	0.0
0.9858858858858859	8.0	1.0	0.0	0.0
0.9917917917917918	8.0	1.0	0.0	0.0
0.9976976976976977	8.0	1.0	0.0	0.0
1.0036036036036038	8.0	1.0	0.0	0.0
1.0095095095095097	8.0	1.0	0.0	0.0
1.0154154154154156	8.0	1.0	0.0	0.0
1.0213213213213215	8.0	1.0	0.0	0.0
1.0272272272272274	8.0	1.0	0.0	0.0
1.0331331331331333	8.0	1.0	0.0	0.0
1.0390390390390392	8.0	1.0	0.0	0.0
1.044944944944945	8.0	1.0	0.0	0.0
1.050850850850851	8.0	1.0	0.0	0.0
1.0567567567567568	8.0	1.0	0.0	0.0
1.0626626626626627	8.0	1.0	0.0	0.0
1.0685685685685686	8.0	1.0	0.0	0.0
1.0744744744744745	8.0	1.0	0.0	0.0
1.0803803803803804	8.0	1.0	0.0	0.0
1.0862862862862863	8.0	1.0	0.0	0.0
1.0921921921921922	8.0	1.0	0.0	0.0
1.098098098098098	8.0	1.0	0.0	0.0
1.1040040040040042	8.0	1.0	0.0	0.0
1.1099099099099101	8.0	1.0	0.0	0.0
1.115815815815816	8.0	1.0	0.0	0.0
1.121721721721722	8.0	1.0	0.0	0.0
1.1276276276276278	8.0	1.0	0.0	0.0
1.1335335335335337	8.0	1.0	0.0	0.0
1.1394394394394396	8.0	1.0	0.0	0.0
1.1453453453453455	8.0	1.0	0.0	0.0
1.1512512512512514	8.0	1.0	0.0	0.0
1.1571571571571573	8.0	1.0	0.0	0.0
1.1630630630630632	8.0	1.0	0.0	0.0
1.168968968968969	8.0	1.0	0.0	0.0
1.174874874874875	8.0	1.0	0.0	0.0
1.1807807807807809	8.0	1.0	0.0	0.0
1.1866866866866868	8.0	1.0	0.0	0.0
1.1925925925925926	8.0	1.0	0.0	0.0
1.1984984984984985	8.0	1.0	0.0	0.0
1.2044044044044044	8.0	1.0	0.0	0.0
1.2103103103103106	8.0	1.0	0.0	0.0
1.2162162162162165	8.0	1.0	0.0	0.0
1.2221221221221223	8.0	1.0	0.0	0.0
1.2280280280280282	8.0	1.0	0.0	0.0
1.2339339339339341	8.0	1.0	0.0	0.0
1.23983983983984	8.0	1.0	0.0	0.0
1.245745745745746	8.0	1.0	0.0	0.0
1.2516516516516518	8.0	1.0	0.0	0.0
1.2575575575575577	8.0	1.0	0.0	0.0
1.2634634634634636	8.0	1.0	0.0	0.0
1.2693693693693695	8.0	1.0	0.0	0.0
1.2752752752752754	8.0	1.0	0.0	0.0
1.2811811811811813	8.0	1.0	0.0	0.0
1.2870870870870872	8.0	1.0	0.0	0.0
1.292992992992993	8.0	1.0	0.0	0.0
1.298898898898899	8.0	1.0	0.0	0.0
1.3048048048048049	8.0	1.0	0.0	0.0
1.3107107107107108	8.0	1.0	0.0	0.0
1.3166166166166167	8.0	1.0	0.0	0.0
1.3225225225225228	8.0	1.0	0.0	0.0
1.3284284284284287	7.99728	0.9998299999999999	0.026112	5.1e-05
1.3343343343343346	8.0	1.0	0.0	0.0
1.3402402402402405	8.0	1.0	0.0	0.0
1.3461461461461464	8.0	1.0	0.0	0.0
1.3520520520520523	8.0	1.0	0.0	0.0
1.3579579579579582	8.0	1.0	0.0	0.0
1.363863863863864	8.0	1.0	0.0	0.0
1.36976976976977	8.0	1.0	0.0	0.0
1.3756756756756758	8.0	1.0	0.0	0.0
1.3815815815815817	8.0	1.0	0.0	0.0
1.3874874874874876	8.0	1.0	0.0	0.0
1.3933933933933935	8.0	1.0	0.0	0.0
1.3992992992992994	8.0	1.0	0.0	0.0
1.4052052052052053	7.999648	0.999978	0.020049920000000002	3.915999999999999e-05
1.4111111111111112	8.0	1.0	0.0	0.0
1.417017017017017	8.0	1.0	0.0	0.0
1.422922922922923	8.0	1.0	0.0	0.0
1.428828828828829	7.995744	0.999668	0.011489280000000003	8.976000000000002e-05
1.4347347347347348	8.0	1.0	0.0	0.0
1.440640640640641	8.0	1.0	0.0	0.0
1.4465465465465468	8.0	1.0	0.0	0.0
1.4524524524524527	8.0	1.0	0.0	0.0
1.4583583583583586	8.0	1.0	0.0	0.0
1.4642642642642645	8.0	1.0	0.0	0.0
1.4701701701701704	8.0	1.0	0.0	0.0
1.4760760760760763	7.995647999999999	0.9997280000000001	0.04718592000000001	9.216e-05
1.4819819819819822	7.991552	0.9994719999999999	0.04718592000000003	9.216e-05
1.487887887887888	7.998367999999999	0.999898	0.05117951999999998	9.995999999999996e-05
1.493793793793794	8.0	1.0	0.0	0.0
1.4996996996996999	8.0	1.0	0.0	0.0
1.5056056056056057	8.0	1.0	0.0	0.0
1.5115115115115116	8.0	1.0	0.0	0.0
1.5174174174174175	8.0	1.0	0.0	0.0
1.5233233233233234	8.0	1.0	0.0	0.0
1.5292292292292293	7.99712	0.99982	0.018432	3.6e-05
1.5351351351351352	7.9986880000000005	0.9999180000000001	0.04954112000000002	9.676000000000004e-05
1.5410410410410411	7.998175999999999	0.999886	0.05019648	9.804000000000002e-05
1.546946946946947	8.0	1.0	0.0	0.0
1.552852852852853	8.0	1.0	0.0	0.0
1.558758758758759	8.0	1.0	0.0	0.0
1.564664664664665	8.0	1.0	0.0	0.0
1.5705705705705708	7.99808	0.9998799999999999	0.049152	9.599999999999999e-05
1.5764764764764767	8.0	1.0	0.0	0.0
1.5823823823823826	7.998496	0.999906	0.051015680000000015	9.963999999999997e-05
1.5882882882882885	8.0	1.0	0.0	0.0
1.5941941941941944	8.0	1.0	0.0	0.0
1.6001001001001003	8.0	1.0	0.0	0.0
1.6060060060060062	7.998112	0.9998819999999999	0.049541120000000015	9.676000000000003e-05
1.611911911911912	8.0	1.0	0.0	0.0
1.617817817817818	7.993152	0.9995719999999999	0.024657920000000003	4.815999999999999e-05
1.6237237237237239	7.998944	0.999934	0.045281279999999986	8.843999999999997e-05
1.6296296296296298	7.9936	0.9996	0.0	0.0
1.6355355355355357	7.99344	0.99959	0.009728	1.9e-05
1.6414414414414416	8.0	1.0	0.0	0.0
1.6473473473473474	7.992703999999999	0.9995440000000001	0.053575680000000014	0.00010463999999999997
1.6532532532532533	7.997472	0.999842	0.03397631999999999	6.635999999999998e-05
1.6591591591591592	7.997536	0.9998459999999999	0.03627007999999998	7.083999999999997e-05
1.6650650650650651	7.988352000000001	0.9992719999999999	0.20283392000000003	0.00039616000000000006
1.6709709709709712	7.9976	0.99985	0.0384	7.5e-05
1.6768768768768771	7.993472	0.999592	0.00786432	1.536e-05
1.682782782782783	7.995839999999999	0.99974	0.04300800000000001	8.400000000000002e-05
1.688688688688689	7.999167999999999	0.999948	0.03940351999999998	7.695999999999995e-05
1.6945945945945948	7.9985919999999995	0.9999120000000001	0.05046272000000001	9.856e-05
1.7005005005005007	7.999584	0.999974	0.023162879999999997	4.5239999999999994e-05
1.7064064064064066	7.999808	0.9999879999999999	0.01155072	2.256e-05
1.7123123123123125	7.993088	0.999568	0.12992512	0.00025376
1.7182182182182184	8.0	1.0	0.0	0.0
1.7241241241241243	7.998496	0.999906	0.051015680000000015	9.963999999999997e-05
1.7300300300300302	7.99776	0.9998600000000001	0.04300800000000001	8.400000000000002e-05
1.735935935935936	8.0	1.0	0.0	0.0
1.741841841841842	7.991648	0.9994780000000001	0.04872192000000001	9.516e-05
1.7477477477477479	7.99856	0.9999100000000001	0.10393599999999999	0.00020299999999999997
1.7536536536536538	7.999328	0.999958	0.03397631999999999	6.635999999999998e-05
1.7595595595595597	7.996192	0.999762	0.05609472000000001	0.00010956000000000001
1.7654654654654656	8.0	1.0	0.0	0.0
1.7713713713713715	7.999008	0.9999379999999999	0.04380672000000001	8.556e-05
1.7772772772772774	8.0	1.0	0.0	0.0
1.7831831831831833	7.9968	0.9998	0.0	0.0
1.7890890890890894	7.993728	0.9996079999999999	0.27820032	0.00054336
1.7949949949949953	7.993536	0.9995959999999999	0.03678207999999999	7.183999999999998e-05
1.8009009009009012	8.0	1.0	0.0	0.0
1.806806806806807	7.991552	0.9994719999999999	0.11681791999999996	0.00022816
1.812712712712713	7.996	0.99975	0.472576	0.000923
1.8186186186186188	7.995839999999999	0.99974	0.11673599999999999	0.00022799999999999999
1.8245245245245247	7.998880000000001	0.9999299999999999	0.04659199999999999	9.1e-05
1.8304304304304306	7.99712	0.99982	0.14950399999999997	0.00029200000000000005
1.8363363363363365	7.9934080000000005	0.9995879999999999	0.07299071999999998	0.00014256000000000007
1.8422422422422424	7.998848	0.999928	0.04718592000000003	9.216e-05
1.8481481481481483	7.9959679999999995	0.9997	0.014827519999999995	0.0001
1.8540540540540542	7.99488	0.9996799999999999	0.3317760000000001	0.000648
1.85995995995996	7.992288	0.999518	0.10278912000000005	0.0002007600000000001
1.865865865865866	7.997472	0.999842	0.06264832	0.00012236
1.871771771771772	7.995424000000001	0.999714	0.22222847999999998	0.0004340400000000002
1.8776776776776778	7.998303999999999	0.9998940000000001	0.051015680000000015	9.963999999999997e-05
1.8835835835835837	7.995839999999999	0.99974	0.2969600000000001	0.0005800000000000002
1.8894894894894896	7.996928	0.999784	0.2536243199999999	0.00066144
1.8953953953953955	7.99392	0.9996200000000001	0.06348799999999999	0.00012399999999999998
1.9013013013013014	7.995839999999999	0.99974	0.2682880000000001	0.0005240000000000002
1.9072072072072075	7.990944	0.999434	0.15996928	0.00031244
1.9131131131131134	7.98528	0.99908	0.12288000000000006	0.00023999999999999998
1.9190190190190193	7.980384	0.9987719999999999	0.22284288000000002	0.00044816000000000013
1.9249249249249252	7.994528	0.9996280000000001	0.026808319999999993	4.816e-05
1.930830830830831	7.997056	0.999816	0.30998528000000003	0.0006054400000000001
1.936736736736737	7.985119999999999	0.998992	0.12748800000000005	0.00022336
1.9426426426426429	7.991103999999999	0.999444	0.09248768000000002	0.00018064000000000003
1.9485485485485488	7.984224	0.99897	0.1894604799999999	0.00048300000000000003
1.9544544544544546	7.996128	0.999758	0.03807231999999999	7.435999999999999e-05
1.9603603603603605	7.989024000000001	0.9993139999999999	0.05429248000000001	0.00010604000000000002
1.9662662662662664	7.9839199999999995	0.998884	0.24307199999999998	0.0007614400000000001
1.9721721721721723	7.975328	0.998458	0.11589632000000001	0.00022636000000000002
1.9780780780780782	7.978304	0.9986440000000001	0.31776767999999994	0.0006206399999999998
1.9839839839839841	7.98544	0.9990899999999999	0.14489599999999997	0.00028299999999999994
1.98988988988989	7.990432000000001	0.999402	0.15767551999999999	0.00030795999999999997
1.995795795795796	7.990784	0.999368	0.10764288	0.00037376
2.001701701701702	7.991936	0.999492	0.4791500800000001	0.00097136
2.0076076076076075	7.986752	0.999172	0.10248191999999995	0.00020016000000000004
2.0135135135135136	7.980352000000001	0.9987719999999999	0.23764992000000001	0.00046416000000000003
2.0194194194194197	7.9897279999999995	0.999358	0.054456319999999996	0.00010635999999999999
2.0253253253253254	7.996	0.99975	0.09164800000000001	0.00017900000000000001
2.0312312312312315	7.981984	0.9988739999999999	0.17471488000000004	0.0003412400000000001
2.037137137137137	7.987056	0.999174	0.28476928	0.0006692399999999998
2.0430430430430433	7.987424000000001	0.9992139999999999	0.11573248000000001	0.00022603999999999997
2.048948948948949	7.989439999999999	0.99934	1.2677120000000002	0.0024760000000000003
2.054854854854855	7.9854080000000005	0.9990700000000001	0.16003072	0.000395
2.0607607607607608	7.985952	0.9991200000000001	0.05998592000000001	0.00011999999999999999
2.066666666666667	7.984704	0.9990319999999999	1.6080076800000003	0.0033257600000000005
2.0725725725725725	7.990496	0.9994059999999999	0.3213516799999999	0.0006276399999999998
2.0784784784784787	7.989008	0.9993120000000001	0.05801472	0.00011456
2.0843843843843843	7.988928	0.999308	0.12869632	0.00025136
2.0902902902902905	7.973952000000001	0.998344	0.6943539199999998	0.0016646400000000007
2.096196196196196	7.976576	0.9985360000000001	0.11419648	0.00022303999999999995
2.1021021021021022	7.98336	0.9989459999999999	0.5396479999999999	0.0012068400000000003
2.1080080080080084	7.972224000000001	0.9982639999999999	0.24526848	0.0004790400000000001
2.113913913913914	7.9817919999999996	0.998862	0.12572672	0.00024556000000000003
2.11981981981982	7.986511999999999	0.999142	0.10061312000000003	0.00025036
2.125725725725726	7.982464	0.998828	0.26411007999999997	0.0004161600000000001
2.131631631631632	7.97328	0.998318	0.17152	0.0004007599999999999
2.1375375375375376	7.9755199999999995	0.9984700000000001	0.6200319999999999	0.0012109999999999996
2.1434434434434437	7.981216000000001	0.998826	0.031354879999999995	6.123999999999999e-05
2.1493493493493494	7.9784	0.99865	0.185856	0.000363
2.1552552552552555	7.9724	0.998236	0.29836799999999997	0.00045104000000000005
2.161161161161161	7.95248	0.9969979999999999	0.4459520000000001	0.00081996
2.1670670670670673	7.9604800000000004	0.9973	0.12646400000000005	0.000436
2.172972972972973	7.96104	0.9975299999999999	0.3577600000000002	0.000883
2.178878878878879	7.975167999999999	0.998448	0.30769152000000005	0.0006009600000000001
2.1847847847847848	7.962	0.9975280000000001	0.129408	0.0005561599999999999
2.190690690690691	7.98128	0.9988299999999999	0.14899199999999996	0.0002910000000000001
2.196596596596597	7.976112	0.998482	0.14464512	0.00037675999999999996
2.2025025025025027	7.979472	0.9987	0.5100083199999998	0.001204
2.208408408408409	7.967424	0.997842	0.21966847999999992	0.00034636
2.2143143143143145	7.983008	0.998898	0.16054271999999997	0.00027596
2.2202202202202206	7.9693119999999995	0.997934	0.2809651199999999	0.00058444
2.2261261261261263	7.976	0.9985	0.19455999999999998	0.00037999999999999997
2.2320320320320324	7.983936	0.9989879999999999	0.16990207999999996	0.00035856000000000006
2.237937937937938	7.966464	0.997842	0.8570060800000001	0.00137036
2.243843843843844	7.966416000000001	0.9979	0.22681088	0.000436
2.24974974974975	7.9840160000000004	0.99897	0.4848588799999999	0.0011949999999999997
2.255655655655656	7.9817919999999996	0.99882	0.23939071999999997	0.000572
2.2615615615615616	7.969824000000001	0.998026	0.24168447999999998	0.0004532400000000001
2.2674674674674677	7.955056	0.997142	2.0870092799999993	0.004706360000000001
2.2733733733733734	7.971360000000001	0.9980700000000001	0.3906560000000002	0.000907
2.2792792792792795	7.9738880000000005	0.998368	0.09306112	0.00018176
2.285185185185185	7.965872	0.997812	0.26527231999999995	0.00059056
2.2910910910910913	7.965536	0.9978319999999999	0.98347008	0.0020857600000000003
2.296996996996997	7.967552	0.997972	0.23764992000000007	0.00046416000000000003
2.302902902902903	7.958991999999999	0.9973479999999999	1.23151872	0.0033649599999999993
2.308808808808809	7.959632000000001	0.9974700000000001	1.4006835199999996	0.002859000000000001
2.314714714714715	7.973952000000001	0.99836	0.49569792000000007	0.0010879999999999998
2.320620620620621	7.96248	0.9974379999999999	0.251264	0.0005495599999999999
2.3265265265265267	7.978783999999999	0.998674	0.15833088000000006	0.0003092400000000001
2.332432432432433	7.976464	0.9984139999999999	1.1994060800000002	0.00201804
2.3383383383383385	7.95328	0.9968600000000001	0.253952	0.0003959999999999999
2.3442442442442446	7.951184	0.9968600000000001	1.2518348800000003	0.0023400000000000005
2.3501501501501503	7.9712	0.9981260000000001	0.403456	0.0010452399999999998
2.3560560560560564	7.944176	0.996482	0.13608448	0.00028876
2.361961961961962	7.96512	0.9976139999999999	1.149952	0.002954039999999999
2.367867867867868	7.942880000000001	0.9962979999999999	0.353792	0.0009399599999999998
2.373773773773774	7.959455999999999	0.9970600000000001	0.65456128	0.001204
2.37967967967968	7.959344000000001	0.997244	0.47523328000000004	0.0009726399999999998
2.3855855855855856	7.9707360000000005	0.998124	0.12830207999999999	0.00035824
2.3914914914914918	7.978288	0.998526	0.10675712000000001	0.00044524000000000007
2.3973973973973974	7.953104	0.9968739999999999	0.19015168000000005	0.0005172399999999999
2.4033033033033036	7.950767999999999	0.9967360000000001	0.35005952	0.0007270400000000001
2.4092092092092092	7.939775999999999	0.996044	2.2482124800000003	0.0038126400000000004
2.4151151151151153	7.954	0.996866	0.307584	0.0004644400000000001
2.421021021021021	7.9404639999999995	0.996166	0.4129740800000001	0.00099244
2.426926926926927	7.967967999999999	0.997908	0.6410035200000002	0.0011633599999999996
2.4328328328328332	7.953392	0.9968379999999999	0.97654272	0.0026455599999999995
2.438738738738739	7.953760000000001	0.9967280000000001	1.3071360000000005	0.0017721599999999998
2.444644644644645	7.944528	0.9961479999999999	0.13727231999999995	0.00034896000000000005
2.4505505505505507	7.928208000000001	0.9953620000000001	0.3672627200000001	0.0012535600000000004
2.456456456456457	7.939247999999999	0.9958379999999999	4.496849919999999	0.012293559999999999
2.4623623623623625	7.939328	0.996078	1.1598643199999998	0.0027271599999999997
2.4682682682682686	7.944208000000001	0.996	0.8659507200000002	0.0022559999999999998
2.4741741741741743	7.955584	0.997194	1.4070988800000004	0.0031076400000000005
2.4800800800800804	7.921247999999999	0.994704	1.07579392	0.0035158399999999992
2.485985985985986	7.953504	0.99692	0.2711756799999999	0.000616
2.491891891891892	7.930272	0.995568	0.3749683199999999	0.0008377599999999999
2.497797797797798	7.9355199999999995	0.995848	1.27744	0.0019929600000000002
2.503703703703704	7.9155679999999995	0.994526	1.5573555199999995	0.0031732400000000016
2.5096096096096097	7.9239679999999995	0.995016	0.92618752	0.0022454399999999996
2.5155155155155158	7.957375999999999	0.9973200000000001	0.9170124799999998	0.0020399999999999997
2.5214214214214214	7.914208	0.9941139999999999	0.72476672	0.00202604
2.5273273273273276	7.945568	0.996568	0.3184435199999999	0.0008137599999999997
2.5332332332332332	7.931264	0.9956520000000001	0.93892608	0.002164959999999999
2.5391391391391394	7.923488000000001	0.994864	0.4734771199999999	0.0011590399999999999
2.5450450450450455	7.934303999999999	0.9956379999999999	0.8579276799999997	0.0027895599999999995
2.550950950950951	7.9216	0.994986	3.9546879999999995	0.00834604
2.5568568568568573	7.923392	0.994976	0.4242227200000001	0.0008902399999999998
2.562762762762763	7.940624000000001	0.9962719999999999	3.1794124799999994	0.00625216
2.568668668668669	7.919664	0.9946459999999999	1.74622208	0.0025108400000000003
2.5745745745745747	7.914384	0.9944719999999999	0.2984908799999999	0.0007161599999999999
2.580480480480481	7.934976	0.995878	0.59854848	0.0013111599999999994
2.5863863863863865	7.913264	0.994324	1.6387020800000003	0.0034702400000000003
2.5922922922922926	7.934336	0.995662	1.01163008	0.0021175599999999997
2.5981981981981983	7.92048	0.994812	3.183104	0.00559056
2.6041041041041044	7.945119999999999	0.9965639999999999	1.7351680000000005	0.003523039999999999
2.61001001001001	7.908416000000001	0.9939399999999999	0.47730687999999993	0.00106
2.615915915915916	7.933152000000001	0.9957159999999999	1.00820992	0.0023934399999999997
2.621821821821822	7.926464	0.995	1.4949580800000002	0.003464
2.627727727727728	7.875967999999999	0.991676	0.7869235200000003	0.00142224
2.6336336336336337	7.923808	0.9949979999999999	1.05756672	0.0029399599999999993
2.63953953953954	7.909056	0.993966	0.6888652799999999	0.0010244400000000002
2.6454454454454455	7.93376	0.995532	3.571712000000001	0.007905759999999994
2.6513513513513516	7.920560000000001	0.9948100000000001	0.31884800000000013	0.0006110000000000002
2.6572572572572573	7.9204	0.9945639999999999	0.590208	0.0013470399999999999
2.6631631631631634	7.894128	0.993082	2.65016832	0.00652876
2.6690690690690695	7.8968	0.99305	2.947584	0.008131000000000001
2.674974974974975	7.911024	0.994102	1.6096204799999996	0.002715959999999999
2.6808808808808813	7.8802080000000005	0.9919319999999999	2.03023872	0.004929759999999998
2.686786786786787	7.886912	0.992584	3.43232512	0.00798144
2.692692692692693	7.883088000000001	0.992232	0.6218291199999999	0.00230176
2.6985985985985987	7.910912	0.99364	2.2260531199999996	0.004128
2.704504504504505	7.923503999999999	0.995	0.3632076799999999	0.000584
2.7104104104104105	7.890975999999999	0.992714	0.66664448	0.0017780399999999996
2.7163163163163166	7.901216000000001	0.9934440000000001	0.7860428799999999	0.002556640000000001
2.7222222222222223	7.862896000000001	0.991024	0.7891916799999998	0.0020742399999999998
2.7281281281281284	7.883711999999999	0.992182	0.5784371199999999	0.00124876
2.734034034034034	7.884752000000001	0.992316	0.7776819199999999	0.0019774399999999996
2.7399399399399402	7.898384	0.993474	0.9999308799999999	0.0023812400000000006
2.745845845845846	7.889568	0.9924780000000001	0.44644351999999987	0.0016711599999999997
2.751751751751752	7.874960000000001	0.991584	1.2138240000000005	0.004021439999999999
2.7576576576576577	7.882384	0.992224	1.6184268800000003	0.00387424
2.763563563563564	7.894016000000001	0.993094	0.9585868799999998	0.0023316400000000003
2.7694694694694695	7.872464	0.9912719999999999	1.7155020800000003	0.0025481600000000003
2.7753753753753756	7.8791199999999995	0.9921260000000001	0.5830400000000001	0.0013412399999999998
2.7812812812812817	7.8682240000000006	0.9912559999999999	1.46075648	0.00256864
2.7871871871871874	7.841568	0.9888319999999999	6.021099520000001	0.016613759999999998
2.7930930930930935	7.8777919999999995	0.9911200000000001	1.45795072	0.0038240000000000014
2.798998998998999	7.8808	0.992116	1.709568	0.004657439999999999
2.8049049049049053	7.876448	0.992072	1.92468992	0.0037561600000000006
2.810810810810811	7.88824	0.9928620000000001	0.96704	0.0026375599999999993
2.816716716716717	7.8650720000000005	0.991102	2.3644723200000004	0.0034759599999999993
2.8226226226226228	7.842192	0.9891559999999999	0.6683187199999999	0.0017326400000000006
2.828528528528529	7.86504	0.9908020000000001	2.30848	0.004483959999999999
2.8344344344344345	7.837728	0.9886219999999999	3.1520563200000002	0.01127916
2.8403403403403407	7.8613919999999995	0.99082	1.12502272	0.002036
2.8462462462462463	7.8522240000000005	0.9900059999999999	6.94427648	0.013147639999999999
2.8521521521521525	7.83432	0.9889879999999999	2.3412479999999993	0.00496656
2.858058058058058	7.8615520000000005	0.9906440000000001	0.38446592000000007	0.0007966399999999998
2.8639639639639642	7.846288	0.989382	0.70682112	0.0018407599999999999
2.86986986986987	7.845648	0.989418	0.8288819199999999	0.005424760000000001
2.875775775775776	7.858624000000001	0.9906739999999999	0.9661644799999998	0.0031652400000000006
2.8816816816816817	7.851839999999999	0.9896459999999999	0.5591039999999999	0.0010468399999999998
2.887587587587588	7.835439999999999	0.988778	5.1582719999999975	0.011567159999999998
2.893493493493494	7.856	0.9901040000000001	4.533248	0.009155839999999997
2.8993993993993996	7.844639999999999	0.9892479999999999	0.9733119999999998	0.003672959999999999
2.9053053053053057	7.789072	0.985086	3.33727232	0.00869004
2.9112112112112114	7.8298559999999995	0.988504	3.1971532799999993	0.006227840000000002
2.9171171171171175	7.851567999999999	0.989784	1.8747955199999997	0.005325439999999999
2.923023023023023	7.814960000000001	0.9865379999999999	1.025408	0.0029255599999999994
2.9289289289289293	7.855296000000001	0.990426	0.22253568000000004	0.0007092399999999998
2.934834834834835	7.846992	0.989934	1.30524672	0.005928439999999998
2.940740740740741	7.868975999999999	0.99093	1.7806284799999994	0.004507
2.9466466466466468	7.860272	0.9904120000000001	3.4191923200000005	0.00870256
2.952552552552553	7.87016	0.9913719999999999	1.6746240000000001	0.004240160000000001
2.9584584584584586	7.782655999999999	0.98487	0.60284928	0.002435000000000001
2.9643643643643647	7.8455520000000005	0.9894379999999999	1.73716992	0.004229559999999999
2.9702702702702704	7.831760000000001	0.9883280000000001	0.86464	0.00174016
2.9761761761761765	7.821439999999999	0.9875079999999999	2.5528320000000004	0.005499360000000001
2.982082082082082	7.8076479999999995	0.986144	1.75265792	0.004936640000000002
2.9879879879879883	7.812816000000001	0.987092	1.5631308800000003	0.005203360000000001
2.993893893893894	7.774192	0.984008	4.16732672	0.008031360000000001
2.9997997997998	7.79128	0.9855299999999999	2.002304	0.005299
3.0057057057057057	7.814032000000001	0.9877239999999999	0.8507955200000002	0.0018462399999999999
3.011611611611612	7.813376	0.9869479999999999	1.9717324799999998	0.003948959999999999
3.017517517517518	7.820784	0.9877739999999999	1.1903948800000004	0.003229240000000001
3.0234234234234236	7.793024000000001	0.985994	1.6051404799999995	0.003555640000000001
3.0293293293293297	7.808367999999999	0.987492	3.4712115199999993	0.006787360000000001
3.0352352352352354	7.761664	0.9839100000000001	1.81137408	0.005347000000000002
3.0411411411411415	7.81112	0.987408	0.9342720000000001	0.002391360000000001
3.047047047047047	7.8162720000000006	0.9875280000000001	0.6175283199999998	0.00222816
3.0529529529529533	7.789936	0.984806	5.168430080000001	0.01821964
3.058858858858859	7.742976	0.9825520000000001	2.1837004800000006	0.003208959999999999
3.064764764764765	7.802447999999999	0.986474	1.6736819200000006	0.0025092400000000016
3.070670670670671	7.76408	0.984268	3.9325439999999987	0.00969776
3.076576576576577	7.7770399999999995	0.9824579999999999	3.033472000000001	0.005578360000000001
3.0824824824824826	7.7451039999999995	0.982074	2.5340876800000007	0.00658924
3.0883883883883887	7.691216000000001	0.976686	4.976122879999997	0.008322040000000001
3.0942942942942944	7.74912	0.982992	5.091328	0.01233536
3.1002002002002005	7.764672	0.9821639999999999	0.7349043199999998	0.002763039999999999
3.106106106106106	7.766864	0.9836440000000001	3.0016460800000004	0.0033966400000000007
3.1120120120120123	7.738608	0.97975	0.89052672	0.001667
3.117917917917918	7.778944	0.98461	2.6856652799999994	0.004931000000000001
3.123823823823824	7.7836	0.9850059999999999	2.261376	0.006435640000000001
3.12972972972973	7.741072	0.981878	1.9384883200000005	0.00496716
3.135635635635636	7.754639999999999	0.98169	1.154432	0.003315
3.141541541541542	7.731936	0.9809620000000001	0.9435340799999999	0.0015175600000000005
3.1474474474474476	7.752975999999999	0.981944	8.006548480000003	0.033792640000000006
3.1533533533533538	7.723039999999999	0.979348	2.9639680000000004	0.009836960000000004
3.1592592592592594	7.726128	0.9812059999999999	2.37573632	0.009595639999999999
3.1651651651651656	7.727104	0.9803639999999999	9.539911679999998	0.023579039999999996
3.1710710710710712	7.7397279999999995	0.9820760000000001	1.3793843200000002	0.0028062400000000006
3.1769769769769773	7.7539039999999995	0.9829979999999999	1.76915968	0.004827959999999999
3.182882882882883	7.69632	0.9770399999999999	2.6716159999999998	0.006448000000000001
3.188788788788789	7.695424000000001	0.9791479999999999	5.02939648	0.017348960000000004
3.194694694694695	7.691375999999999	0.9772299999999999	4.379540479999999	0.019131000000000006
3.200600600600601	7.658144	0.9757459999999999	10.85667328	0.029462839999999994
3.2065065065065066	7.709888	0.979576	4.950917119999999	0.00859424
3.2124124124124127	7.786992	0.985348	8.184478720000001	0.025372960000000007
3.2183183183183184	7.688064	0.976666	6.102958080000001	0.03355244
3.2242242242242245	7.656256	0.9769559999999999	4.748001280000001	0.01149264
3.23013013013013	7.704511999999999	0.979126	1.6270131200000002	0.004701240000000001
3.2360360360360363	7.687792	0.97754	9.74812672	0.021028
3.2419419419419424	7.685152	0.977824	1.8745139200000005	0.007786239999999999
3.247847847847848	7.751456	0.9829959999999999	2.6114252799999993	0.008359839999999997
3.253753753753754	7.699136	0.978712	10.137518080000003	0.03118655999999999
3.25965965965966	7.650992	0.975016	3.80687872	0.01442144
3.265565565565566	7.653808000000001	0.9750559999999999	10.446494720000002	0.033008640000000006
3.2714714714714717	7.651552000000001	0.9745799999999999	1.5632179199999998	0.011500000000000005
3.2773773773773778	7.670112	0.975568	8.227205119999999	0.025693759999999996
3.2832832832832834	7.651072	0.9744719999999999	2.4838963200000004	0.00351616
3.2891891891891896	7.625152000000001	0.97245	1.30158592	0.0044670000000000005
3.2950950950950952	7.67968	0.9764299999999999	3.629056	0.013547000000000003
3.3010010010010014	7.656864	0.9745719999999999	2.0494540800000003	0.006192159999999999
3.306906906906907	7.542608	0.9660620000000001	10.246814720000001	0.027133560000000004
3.312812812812813	7.657952000000001	0.97577	1.3420339199999998	0.005771
3.318718718718719	7.667152000000001	0.976292	1.6511539200000003	0.005779360000000001
3.324624624624625	7.640047999999999	0.9736040000000001	3.924433920000001	0.009927839999999997
3.3305305305305306	7.633872	0.97391	5.747768319999999	0.010811
3.3364364364364367	7.604896000000001	0.9711200000000001	5.577543679999999	0.013928
3.3423423423423424	7.597167999999999	0.9707379999999999	6.246251520000002	0.015901560000000002
3.3482482482482485	7.5718559999999995	0.9672299999999999	18.735201280000005	0.06010699999999998
3.354154154154154	7.614592	0.9711639999999999	2.476318720000001	0.004531040000000001
3.3600600600600603	7.627264	0.973224	8.483758080000003	0.03332224
3.3659659659659664	7.660544	0.975468	5.547745280000002	0.02098576
3.371871871871872	7.547936	0.9652700000000001	2.372014079999999	0.010195000000000003
3.377777777777778	7.603376	0.97191	2.5506764799999995	0.0063549999999999995
3.383683683683684	7.544688000000001	0.966802	6.71462912	0.009467960000000003
3.38958958958959	7.6229759999999995	0.9733780000000001	3.9634124800000006	0.009359159999999998
3.3954954954954957	7.565632000000001	0.96739	3.7677875199999993	0.012819
3.401401401401402	7.6216479999999995	0.972018	2.6864179200000002	0.005896759999999998
3.4073073073073075	7.543968	0.966672	1.7868595199999997	0.00554816
3.4132132132132136	7.570048	0.967076	5.718097920000002	0.02551024
3.4191191191191193	7.609648	0.97091	5.576145919999999	0.014411000000000002
3.4250250250250254	7.549504	0.965694	1.30080768	0.0045876400000000005
3.430930930930931	7.5715520000000005	0.969558	1.4567219200000001	0.0067383600000000005
3.436836836836837	7.5409440000000005	0.96751	8.969313279999998	0.02414699999999999
3.442742742742743	7.561936	0.9680620000000001	4.1137100800000015	0.009037559999999998
3.448648648648649	7.534816	0.9642059999999999	13.937274879999997	0.047755639999999995
3.4545545545545546	7.577056	0.968808	7.299297280000002	0.01630336
3.4604604604604607	7.522608	0.9636459999999999	18.851486719999997	0.06004684000000001
3.4663663663663664	7.502192	0.96098	5.032606720000002	0.02628400000000001
3.4722722722722725	7.583696000000001	0.9694879999999999	8.972999680000003	0.04287456
3.4781781781781786	7.571824	0.968324	3.9883724799999998	0.012494239999999998
3.4840840840840843	7.6039520000000005	0.971722	4.924881920000001	0.018503159999999998
3.4899899899899904	7.5582080000000005	0.967958	1.7042227199999997	0.006354360000000001
3.495895895895896	7.569632	0.968392	2.6797875199999996	0.01628736
3.5018018018018022	7.498303999999999	0.9633139999999999	2.1537996799999997	0.004506040000000001
3.507707707707708	7.543888000000001	0.9672139999999999	1.60486912	0.004338039999999999
3.513613613613614	7.518288	0.9622059999999999	1.45536512	0.008259639999999999
3.5195195195195197	7.496175999999999	0.9607559999999999	26.25832448	0.08479664000000002
3.525425425425426	7.504544	0.9630860000000001	6.955233280000002	0.019890039999999994
3.5313313313313315	7.534832000000001	0.9660700000000001	2.27722752	0.006587000000000001
3.5372372372372376	7.443184	0.959622	30.33753088000001	0.053775159999999995
3.5431431431431433	7.45512	0.957958	2.444671999999999	0.01332236
3.5490490490490494	7.427055999999999	0.95586	17.346657279999995	0.06570000000000001
3.554954954954955	7.5230559999999995	0.9635239999999999	1.33027328	0.003950240000000001
3.560860860860861	7.503984	0.961782	4.01765888	0.006456759999999999
3.566766766766767	7.418591999999999	0.956982	5.804830719999999	0.024952759999999994
3.572672672672673	7.526944	0.966332	7.087329280000001	0.014921759999999994
3.5785785785785786	7.422672	0.9559700000000001	3.0259763200000003	0.014235000000000003
3.5844844844844848	7.453744	0.957968	3.3168332799999996	0.014629759999999997
3.590390390390391	7.493567999999999	0.9640700000000001	21.11946752	0.04383499999999999
3.5962962962962965	7.502383999999999	0.9629639999999999	1.9553228800000004	0.00818704
3.6022022022022027	7.464736	0.9600799999999999	3.5434700800000014	0.008728000000000003
3.6081081081081083	7.498928	0.963784	6.097976319999999	0.015669440000000003
3.6140140140140145	7.377232000000001	0.9499059999999999	2.59159552	0.012195640000000002
3.61991991991992	7.410944000000001	0.951818	6.632161280000002	0.038008759999999996
3.6258258258258262	7.409216000000001	0.956536	5.73452288	0.024679039999999996
3.631731731731732	7.448639999999999	0.956192	9.816064	0.023687359999999994
3.637637637637638	7.413552	0.9539219999999999	14.496209920000002	0.030887159999999993
3.6435435435435437	7.352416000000001	0.9496379999999999	15.06879488	0.045101559999999985
3.64944944944945	7.365952	0.9515459999999999	14.942289919999999	0.018006839999999996
3.6553553553553555	7.392672	0.9527540000000001	7.18764032	0.004358840000000002
3.6612612612612616	7.318864	0.948412	26.356014080000005	0.07317456
3.6671671671671673	7.401567999999999	0.953556	2.8774195199999997	0.010588640000000002
3.6730730730730734	7.330688	0.945614	2.75546112	0.007602039999999999
3.678978978978979	7.32952	0.9473799999999999	4.06464	0.023988000000000002
3.684884884884885	7.310272	0.947124	3.4024243200000006	0.011726239999999999
3.690790790790791	7.325824000000001	0.9466680000000001	3.40840448	0.033857759999999994
3.696696696696697	7.387232000000001	0.955886	2.9224755199999994	0.017706040000000003
3.7026026026026027	7.352848	0.948628	12.485073920000001	0.017800160000000002
3.7085085085085088	7.369184	0.9525600000000001	14.089850879999995	0.01996
3.714414414414415	7.382864	0.951728	6.150446080000001	0.017492160000000003
3.7203203203203206	7.288464	0.945932	9.78052608	0.05098576000000001
3.7262262262262267	7.375584	0.950714	6.38015488	0.01757004
3.7321321321321324	7.389824000000001	0.9529120000000001	4.78363648	0.03397856
3.7380380380380385	7.2816	0.944708	3.638272	0.018267359999999996
3.743943943943944	7.287536	0.9447399999999999	4.121902080000002	0.017516
3.7498498498498503	7.241136	0.940594	10.12049408	0.05746763999999999
3.755755755755756	7.324224000000001	0.94691	5.657108480000001	0.030850999999999993
3.761661661661662	7.211696000000001	0.9399299999999999	5.636807680000001	0.04849899999999999
3.7675675675675677	7.237008	0.9389200000000001	3.034782720000001	0.00808
3.773473473473474	7.337584	0.94806	4.343290879999998	0.03385200000000001
3.7793793793793795	7.17992	0.934358	11.433344000000002	0.05473036
3.7852852852852856	7.2647520000000005	0.942786	2.0812339200000003	0.006258040000000001
3.7911911911911913	7.300447999999999	0.9410139999999999	4.58299392	0.01041004
3.7970970970970974	7.126592	0.9242239999999999	3.3835827200000006	0.02290624
3.803003003003003	7.193903999999999	0.9333459999999999	17.616583679999998	0.08320683999999996
3.808908908908909	7.32728	0.9483219999999999	11.635072000000001	0.03698316000000001
3.814814814814815	7.277792	0.9393	26.15273472000001	0.10376400000000001
3.820720720720721	7.276032000000001	0.944702	2.3608115199999995	0.012451960000000003
3.826626626626627	7.112224	0.9265639999999999	3.2256204800000003	0.006307039999999999
3.832532532532533	7.152191999999999	0.932356	2.981150720000001	0.01192464
3.838438438438439	7.246784	0.9411459999999999	8.29554688	0.026094839999999998
3.8443443443443446	7.126464	0.926958	2.3325900799999997	0.010178360000000001
3.8502502502502507	7.140672	0.925818	4.1110323200000005	0.012872759999999999
3.8561561561561564	7.195808	0.93335	12.176158720000002	0.097355
3.8620620620620625	7.184096	0.935486	5.08807168	0.022506039999999995
3.867967967967968	7.072464	0.9227860000000001	11.867438080000001	0.022946039999999994
3.8738738738738743	7.061536	0.924156	3.1062220799999993	0.025748639999999996
3.87977977977978	7.156784	0.9319639999999999	11.755002880000003	0.026771039999999992
3.885685685685686	7.096080000000001	0.922372	8.477056000000001	0.027480159999999997
3.8915915915915917	7.2050399999999994	0.937176	4.099456000000001	0.011746240000000002
3.897497497497498	7.142239999999999	0.931428	5.803519999999998	0.016112159999999997
3.9034034034034035	7.1040160000000006	0.924176	6.120954879999997	0.017250240000000003
3.9093093093093096	7.149824000000001	0.930212	3.8384844800000004	0.017486559999999998
3.9152152152152153	7.127616000000001	0.928334	7.45689088	0.027232440000000004
3.9211211211211214	7.093136	0.924516	8.07556608	0.03895344
3.927027027027027	7.017792	0.912618	11.405598720000004	0.16686475999999997
3.9329329329329332	7.054352000000001	0.921336	20.418001920000002	0.10943103999999998
3.9388388388388393	7.09536	0.92635	5.18656	0.020843
3.944744744744745	7.025888	0.9151520000000001	3.932549119999999	0.024800960000000004
3.950650650650651	7.1295839999999995	0.9276639999999999	4.933114879999998	0.008943040000000001
3.956556556556557	7.019808	0.9093180000000001	6.609694719999999	0.018448759999999998
3.962462462462463	6.926272	0.9043180000000001	3.66661632	0.015448759999999995
3.9683683683683686	7.034656	0.92099	13.228257280000003	0.05741900000000002
3.9742742742742747	6.982639999999999	0.912056	6.667647999999998	0.028224639999999995
3.9801801801801804	7.084256	0.9200780000000001	14.640353280000001	0.022527159999999994
3.9860860860860865	7.015296	0.9187780000000001	39.90970368000001	0.17104715999999998
3.991991991991992	6.932336	0.90391	17.257774080000004	0.051003
3.9978978978978983	7.079872	0.9216700000000001	5.13093632	0.016146999999999998
4.0038038038038035	7.003856	0.908574	5.80924928	0.012421240000000002
4.00970970970971	6.937728	0.904942	6.18770432	0.025218360000000002
4.015615615615616	6.971375999999999	0.9105139999999999	4.79733248	0.016154039999999998
4.021521521521522	7.0830720000000005	0.923018	11.488952319999997	0.020992759999999996
4.027427427427427	6.944192	0.8996120000000001	9.148702720000001	0.10776656
4.033333333333333	6.857136	0.893208	22.379822080000007	0.14493536
4.039239239239239	6.949088000000001	0.900492	19.827077120000006	0.04646736000000001
4.0451451451451454	6.912656	0.899964	15.043681279999998	0.08577103999999998
4.051051051051051	6.946511999999999	0.91305	5.776645119999998	0.033931
4.056956956956957	6.813039999999999	0.8805559999999999	3.2536320000000005	0.020020639999999992
4.062862862862863	6.832128	0.8973559999999999	9.89458432	0.06292464
4.068768768768769	6.883024000000001	0.904748	7.551892479999999	0.02969296
4.074674674674675	6.808288	0.893458	17.241477120000003	0.03527436000000001
4.08058058058058	6.899472	0.904852	1.9118643200000003	0.020412959999999997
4.0864864864864865	6.758832000000001	0.8803059999999999	4.927339520000001	0.07150764000000001
4.092392392392393	6.808608	0.890584	21.877534720000003	0.05619744000000001
4.098298298298299	6.65928	0.8755700000000001	7.903616000000002	0.14094700000000004
4.104204204204204	6.778944	0.8898659999999999	16.818913280000004	0.03873643999999999
4.11011011011011	6.796608	0.887122	3.7215027200000006	0.024727159999999995
4.116016016016016	6.844592	0.90096	10.495646720000003	0.097224
4.121921921921921	6.819008	0.8974639999999999	6.567198720000002	0.03539903999999999
4.1278278278278275	6.7922080000000005	0.887774	8.95759872	0.051069240000000016
4.133733733733734	6.765472	0.891192	4.403384320000001	0.05964736
4.13963963963964	6.797824	0.8955879999999999	23.695892480000005	0.021766559999999997
4.145545545545545	6.684448	0.8744719999999999	17.44750592	0.20534816000000006
4.151451451451451	6.776160000000001	0.8907959999999999	5.961216	0.030743839999999995
4.157357357357357	6.84168	0.895574	41.98950400000001	0.11019724000000002
4.163263263263263	6.853712	0.8968520000000001	5.02810112	0.06176496000000001
4.169169169169169	6.7432	0.8840620000000001	6.2100480000000005	0.017005560000000003
4.175075075075075	6.757408	0.8916780000000001	8.16515072	0.03839916000000001
4.180980980980981	6.5972800000000005	0.865458	10.548736	0.051122360000000006
4.186886886886887	6.59808	0.866958	17.62304	0.08523436000000001
4.192792792792793	6.715008	0.8810600000000001	31.34697472	0.098924
4.198698698698698	6.578848	0.862092	5.06120192	0.01961936
4.204604604604604	6.600111999999999	0.8664799999999999	8.500485119999999	0.031848
4.2105105105105105	6.664016	0.8670040000000001	11.34335488	0.04039184000000001
4.216416416416417	6.713072	0.8815540000000001	3.7048883200000002	0.021174839999999997
4.222322322322322	6.535856	0.8545780000000001	28.375137279999997	0.14468715999999998
4.228228228228228	6.6115520000000005	0.865764	18.828881920000004	0.05195503999999997
4.234134134134134	6.762352000000001	0.880458	10.225105920000003	0.04075436000000001
4.24004004004004	6.674144	0.856118	34.651361279999996	0.06161676
4.245945945945945	6.4596	0.842612	5.030272	0.027774559999999997
4.2518518518518515	6.422048	0.806664	16.837201920000002	0.062495040000000016
4.257757757757758	6.65792	0.8653700000000001	24.969215999999996	0.031419
4.263663663663664	6.34664	0.827808	10.687872000000002	0.06663136000000001
4.269569569569569	6.44296	0.8275020000000001	4.1701120000000005	0.033483959999999986
4.275475475475475	6.616672	0.8558120000000001	24.053944320000003	0.14390256
4.281381381381381	6.44888	0.8429719999999999	13.044096000000001	0.06814415999999998
4.287287287287287	6.55704	0.8590260000000001	43.613567999999994	0.12639724000000002
4.2931931931931935	6.375296	0.8381139999999999	6.787399679999999	0.07509003999999998
4.299099099099099	6.434208	0.842608	20.790046720000007	0.15615136000000004
4.305005005005005	6.313904	0.8213219999999999	14.544583679999999	0.06154316000000001
4.310910910910911	6.366512	0.8319559999999999	3.0190131199999994	0.04220464
4.316816816816817	6.444016	0.8369219999999999	5.7932748799999985	0.014575159999999997
4.322722722722722	6.4601120000000005	0.8282079999999999	25.63610112	0.09847936000000003
4.328628628628628	6.515184	0.8547620000000001	26.497530880000006	0.20598156000000004
4.3345345345345345	6.345104	0.795218	13.776583679999996	0.052576760000000014
4.340440440440441	6.240064	0.798112	8.656814080000002	0.061850560000000006
4.346346346346346	6.365664	0.84286	20.259246080000008	0.17122
4.352252252252252	6.473488	0.838376	3.6600371199999993	0.031234240000000007
4.358158158158158	6.305344	0.813376	15.146721280000001	0.07183424
4.364064064064064	6.156048	0.803742	21.71131392	0.23988235999999996
4.3699699699699694	6.375248	0.8251299999999999	30.498257919999997	0.037146999999999986
4.375875875875876	6.370976000000001	0.8220719999999999	4.884500480000002	0.033476160000000005
4.381781781781782	6.058288	0.772092	20.526341119999998	0.09772336000000001
4.387687687687688	6.276464	0.803892	11.039022080000004	0.019907359999999995
4.393593593593593	6.099632	0.781974	15.892331520000004	0.07944524000000004
4.399499499499499	6.204576	0.776158	6.6160844800000005	0.02922636
4.405405405405405	6.1967360000000005	0.8094359999999999	20.680622080000003	0.06514704
4.411311311311311	6.073472	0.771982	16.601784319999997	0.13228076
4.4172172172172175	6.0892	0.791446	34.801024	0.17209484000000003
4.423123123123123	6.166976	0.7811899999999999	12.063252480000003	0.026738999999999992
4.429029029029029	6.017136	0.7721100000000001	37.58519808	0.329787
4.434934934934935	5.958880000000001	0.7571720000000001	13.051392	0.06732016
4.440840840840841	6.028112	0.777784	18.203909119999995	0.05312544
4.446746746746746	6.182848	0.816862	4.80776192	0.04646956000000001
4.452652652652652	6.21696	0.812926	17.81759999999999	0.09787724000000002
4.4585585585585585	6.029536	0.737486	3.3550540800000004	0.15100204
4.464464464464465	5.774816	0.715812	3.40543488	0.07632656
4.47037037037037	6.09808	0.789748	10.551808000000001	0.22810096000000002
4.476276276276276	5.79376	0.702178	17.015296	0.05539915999999998
4.482182182182182	6.077968	0.787506	3.477355520000001	0.05329964
4.488088088088088	6.054192	0.7490020000000001	14.974622720000003	0.04553195999999999
4.4939939939939935	5.936192	0.7368279999999999	30.99574272	0.030488159999999993
4.4998998998999	5.963552	0.7553340000000001	5.238353919999999	0.06644844000000001
4.505805805805806	5.96864	0.771708	7.5991040000000005	0.030251359999999998
4.511711711711712	5.898528	0.732696	8.750264320000001	0.15557184
4.517617617617617	5.837568	0.709078	24.67069952	0.12297515999999999
4.523523523523523	5.883824	0.7358	17.65365248	0.127432
4.529429429429429	5.706336	0.6772	21.914030080000007	0.29732800000000004
4.535335335335335	5.809248	0.695646	6.884945920000002	0.03719084000000001
4.5412412412412415	6.003232	0.763758	6.646763519999999	0.12476236000000003
4.547147147147147	5.790128	0.706674	11.406392320000002	0.12125324000000003
4.553053053053053	5.7734559999999995	0.7094159999999999	9.011297279999997	0.08439743999999998
4.558958958958959	5.644992	0.6701819999999999	12.768542720000001	0.07085675999999999
4.564864864864865	5.890896	0.7220300000000001	58.361543680000004	0.051635000000000014
4.57077077077077	5.79744	0.716184	11.346944000000002	0.22253344000000005
4.576676676676676	5.689264	0.697976	36.988206080000005	0.12162624000000002
4.5825825825825826	5.747536	0.714294	23.996718080000004	0.10489164000000001
4.588488488488489	5.5807519999999995	0.6593140000000001	5.18804992	0.17879404000000004
4.594394394394394	5.402912000000001	0.5857720000000001	6.8888371200000025	0.10980816
4.6003003003003	5.489744	0.63244	14.717025279999998	0.048568
4.606206206206206	5.421183999999999	0.606246	9.94521088	0.28398284
4.612112112112112	5.582768	0.648176	72.40177152000001	0.2669622400000001
4.6180180180180175	5.682832	0.692358	6.1131315200000005	0.15205036000000002
4.623923923923924	5.542688	0.68713	4.51930112	0.10542699999999999
4.62982982982983	5.447936	0.615822	13.824942080000005	0.40185516
4.635735735735736	5.617152	0.672764	24.340561920000003	0.47280304000000006
4.641641641641642	5.588	0.690826	83.53024	0.14417323999999998
4.647547547547547	5.608064	0.6845479999999999	21.17214208	0.25409296000000003
4.653453453453453	5.43536	0.630096	6.521344	0.11560383999999999
4.659359359359359	5.442272	0.607622	3.6742963200000007	0.23581516000000002
4.6652652652652655	5.594672	0.647708	6.820920319999999	0.06660336
4.671171171171171	5.3635839999999995	0.578106	5.827706879999998	0.02660364
4.677077077077077	5.42128	0.608292	25.608704	0.08330736000000002
4.682982982982983	5.4577599999999995	0.6093	6.96576	0.133044
4.688888888888889	5.240288	0.54583	34.56653312000001	0.285019
4.694794794794794	5.415792	0.57545	19.379870719999996	0.05246699999999999
4.7007007007007005	5.260208	0.581262	13.020830720000005	0.09112555999999998
4.706606606606607	5.345568	0.608536	12.819435519999997	0.2949510400000001
4.712512512512513	5.582304	0.646876	23.35930368	0.09521424
4.718418418418418	5.233696	0.5122479999999999	16.978759680000003	0.06796096000000001
4.724324324324324	4.9384	0.432806	28.816896000000003	0.14666764
4.73023023023023	5.165664	0.52564	2.77444608	0.21219200000000002
4.736136136136136	5.317616	0.5787359999999999	15.548922880000001	0.23711104000000005
4.7420420420420415	5.16144	0.558238	7.1398399999999995	0.14357356
4.747947947947948	5.344256	0.551028	21.89180928	0.19878416
4.753853853853854	5.234255999999999	0.584924	4.005985279999999	0.058094240000000005
4.75975975975976	5.136448000000001	0.560962	10.074193920000003	0.07699755999999999
4.765665665665666	5.1922559999999995	0.557596	15.88297728	0.16321584
4.771571571571571	5.064592	0.447024	16.578206720000004	0.52661024
4.777477477477477	5.020448	0.526886	36.983377919999995	0.11594603999999997
4.783383383383383	5.125776	0.5375260000000001	19.702676479999997	0.15655724000000001
4.7892892892892895	4.915904	0.42033000000000004	7.049543680000001	0.06264299999999999
4.795195195195195	4.894704	0.44995799999999997	42.79879168	0.31265836
4.801101101101101	5.04024	0.461588	14.667136	0.030990560000000004
4.807007007007007	4.988112	0.47292399999999996	27.041029120000005	0.51761424
4.812912912912913	5.070608	0.49271800000000004	79.94332672000002	0.05146476000000001
4.818818818818818	4.988416	0.43508800000000003	15.965306880000004	0.09111456000000001
4.8247247247247245	4.83504	0.415192	11.103744	0.24694335999999995
4.830630630630631	5.2922080000000005	0.597634	68.79401471999999	0.10572844000000005
4.836536536536537	4.919792	0.42822200000000005	9.744030720000003	0.03389516000000001
4.842442442442442	4.8903360000000005	0.41563199999999995	5.877166080000003	0.07502176
4.848348348348348	4.765904	0.310348	76.61843968000001	0.61206096
4.854254254254254	4.824688	0.331518	13.329669119999997	0.2677527599999999
4.86016016016016	4.939584	0.508682	9.736314880000002	0.03701676
4.8660660660660655	4.9422239999999995	0.415612	3.20501248	0.04797456
4.871971971971972	4.7740160000000005	0.419274	17.083514880000003	0.04599724
4.877877877877878	4.820288	0.428612	9.077637120000006	0.07974256000000002
4.883783783783784	4.880032	0.42521800000000004	5.24285952	0.06491275999999999
4.88968968968969	4.849824	0.444396	14.21416448	0.34855984000000007
4.895595595595595	4.552528	0.235056	25.833528320000003	0.035472639999999986
4.901501501501501	4.9586559999999995	0.49412	37.83446527999999	0.06956800000000002
4.907407407407407	4.711504	0.404988	25.00679168	0.12847856
4.913313313313314	4.602208	0.330856	10.864414720000003	0.12821664
4.919219219219219	4.76696	0.353912	12.941696	0.21370656
4.925125125125125	4.6617120000000005	0.385588	5.5165491200000005	0.045118559999999995
4.931031031031031	4.50496	0.294724	4.626432	0.17689424000000006
4.936936936936937	4.613104	0.25172	15.638215679999997	0.16571999999999992
4.942842842842842	4.723232	0.300684	11.845611519999997	0.10400944000000002
4.9487487487487485	4.517744	0.306546	7.905377279999999	0.10428684
4.954654654654655	4.783328	0.360392	20.68498432	0.09489536000000001
4.960560560560561	4.590496	0.353224	10.41594368	0.13250624000000003
4.966466466466466	4.4867040000000005	0.252558	10.52435968	0.10245836000000004
4.972372372372372	4.601776	0.352206	7.830420480000001	0.25806764
4.978278278278278	4.529648	0.32095999999999997	31.528401919999997	0.143872
4.984184184184184	4.629951999999999	0.38711999999999996	13.291601920000003	0.09331999999999997
4.99009009009009	4.5532	0.340928	26.356096	0.13126816000000002
4.995995995995996	4.4586239999999995	0.255814	10.871316479999999	0.23765003999999998
5.001901901901902	4.416096	0.27767600000000003	13.030215680000001	0.12306224000000002
5.007807807807808	4.68992	0.337196	15.264768	0.12394383999999997
5.013713713713714	4.254464	0.15220799999999998	21.267374080000007	0.06181536000000001
5.019619619619619	4.470432	0.180282	38.05693952	0.21740076
5.025525525525525	4.33704	0.170646	32.546175999999996	0.16052683999999998
5.0314314314314315	4.4117120000000005	0.197358	13.224837120000005	0.20759436000000006
5.037337337337338	4.371968	0.14206	16.640491519999998	0.08139600000000001
5.043243243243243	4.548655999999999	0.18199	31.480929279999998	0.33828299999999994
5.049149149149149	4.473552	0.225228	5.72769792	0.07378416000000002
5.055055055055055	4.307248	0.15724000000000002	13.806033919999999	0.32355199999999995
5.060960960960961	4.4112800000000005	0.345406	18.0832	0.09038764
5.066866866866866	4.446544	0.201684	40.67235328000001	0.19060944000000005
5.0727727727727725	4.370768	0.117112	14.031723520000002	0.18220256
5.078678678678679	4.394144	0.166656	14.461153280000001	0.06585664000000001
5.084584584584585	4.31104	0.205192	14.190592	0.05763136000000002
5.09049049049049	4.2868	0.241608	17.072512	0.5447113599999998
5.096396396396396	4.394591999999999	0.26612800000000003	9.16355072	0.7225801599999999
5.102302302302302	4.3233760000000006	0.173302	7.576468479999999	0.17236396
5.108208208208208	4.208848000000001	0.18531	4.303313919999999	0.205411
5.114114114114114	4.2269440000000005	0.004518	4.860641280000001	0.13165676
5.12002002002002	4.299072	0.179842	16.34680832	0.06858636000000003
5.125925925925926	4.076592	0.073214	26.50281472	0.09833803999999997
5.131831831831832	4.240208	0.16738599999999998	5.548702720000001	0.07097003999999998
5.137737737737738	4.388351999999999	0.159934	9.625681920000002	0.18587244
5.143643643643643	4.2762720000000005	0.16628800000000002	30.185528320000007	0.07530656000000001
5.149549549549549	4.10056	0.10666400000000001	14.161280000000001	0.12541504000000003
5.1554554554554555	4.1958720000000005	0.178678	15.559864319999999	0.13509515999999996
5.161361361361362	4.195536	0.206596	14.181678080000001	0.15031983999999998
5.167267267267267	4.1682559999999995	0.105754	5.211873280000002	0.18291884000000003
5.173173173173173	4.1461440000000005	0.10463199999999999	14.49084928	0.06037375999999999
5.179079079079079	4.173184	0.17288399999999998	5.95673088	1.32677744
5.184984984984985	4.312784	0.291526	35.699194880000015	0.06933324
5.19089089089089	4.165104	0.13203800000000002	8.24595968	0.13066156
5.1967967967967965	4.0746400000000005	0.028839999999999998	17.766784	0.17345599999999997
5.202702702702703	4.0244800000000005	0.129742	39.465472000000005	0.12334636
5.208608608608609	4.007776	0.06189	49.39573248000001	0.11446700000000001
5.214514514514514	4.025008000000001	0.046906	7.925406720000002	0.29866763999999996
5.22042042042042	4.341968	0.15163800000000002	18.54756352	0.07554955999999997
5.226326326326326	4.042592	0.12000599999999999	15.151902720000004	1.03805164
5.232232232232232	4.0469599999999994	0.10176	14.905727999999996	0.13472800000000001
5.2381381381381384	4.026624	0.05087	13.672980480000005	0.11456300000000001
5.244044044044044	4.095808	0.13113	15.122718720000002	0.105867
5.24994994994995	3.977904	0.052253999999999995	38.67923968	0.41707083999999994
5.255855855855856	3.9945440000000003	0.17425	20.447329280000005	0.066211
5.261761761761762	4.015216000000001	0.06166	21.848570880000004	0.157372
5.267667667667667	3.9854879999999997	0.058444	2.84493312	0.04848464
5.273573573573573	3.8973440000000004	0.044660000000000005	21.28867328	0.25722
5.2794794794794795	4.155312	0.071028	12.17152512	0.12336016000000002
5.285385385385386	3.9895680000000002	0.090028	11.236843519999997	0.27721616000000004
5.291291291291291	4.003152	0.085378	35.45748992000001	0.4457991599999999
5.297197197197197	3.899232	0.011202	25.41975552	0.33123596
5.303103103103103	4.074432	0.135634	17.734123519999997	0.22750443999999997
5.309009009009009	4.0793919999999995	0.056884000000000004	41.455390720000004	0.5103934400000001
5.314914914914914	4.04016	0.028066000000000004	4.792832	1.63282444
5.3208208208208205	3.8690239999999996	0.073078	11.63573248	0.32965516
5.326726726726727	3.9294559999999996	0.058186	4.854881280000002	0.07230604
5.332632632632633	3.9809120000000005	0.07954800000000001	32.68326912	0.15567695999999998
5.338538538538539	3.877104	0.09525	14.978759679999998	0.080259
5.344444444444444	4.063984	0.126566	16.784890880000003	0.11607243999999999
5.35035035035035	3.9160160000000004	0.018680000000000002	60.94489087999999	0.110248
5.356256256256256	3.945408	0.039633999999999996	12.01487872	0.09577644
5.3621621621621625	3.924768	0.035075999999999996	14.889963519999998	0.23741423999999997
5.368068068068068	3.912032	0.056402	14.760939519999997	0.14803596000000002
5.373973973973974	3.865904	0.066952	5.7709516800000005	0.12026496000000005
5.37987987987988	3.8762559999999997	0.06978200000000001	12.507361280000001	0.31619276
5.385785785785786	3.9511839999999996	0.012152	5.516794879999998	0.07184895999999999
5.391691691691691	3.8158239999999997	0.11523	8.661908480000001	0.39569099999999996
5.397597597597597	3.884144	0.069988	7.753825280000002	0.22831056
5.4035035035035035	3.8096959999999997	0.005288	11.634503679999998	0.10965855999999999
5.40940940940941	3.841328	0.05789	13.283384320000007	0.329499
5.415315315315315	3.7981599999999998	0.09185	20.385151999999998	0.135891
5.421221221221221	3.9099519999999997	0.088464	23.456849920000003	0.061615039999999996
5.427127127127127	3.927024	0.05569400000000001	98.63054848000002	0.42404364000000005
5.433033033033033	3.7894879999999995	0.027536	16.56755712	0.16021504
5.438938938938938	3.880352	0.059822	6.29102592	0.42838316000000004
5.4448448448448445	3.8167839999999997	0.00415	37.33452288	0.043579
5.450750750750751	3.730672	0.006529999999999999	17.008696320000002	0.08368299999999998
5.456656656656657	3.675296	0.018504	37.43213568000001	0.17881184000000003
5.462562562562563	3.7826239999999998	0.06022	6.275092479999999	0.09416400000000004
5.468468468468468	3.699808	0.009988	22.236958720000004	0.80935056
5.474374374374374	3.808368	0.042844	4.19005952	1.25599664
5.48028028028028	3.8316160000000004	0.06326799999999999	8.958074879999998	0.18968975999999999
5.4861861861861865	3.919568	0.068656	17.66692352	0.13811263999999998
5.492092092092092	3.8545599999999998	0.061644000000000004	21.937664	0.10142864
5.497997997997998	3.8704	0.005936	55.67488	0.13220704000000003
5.503903903903904	3.8617440000000003	0.108198	32.79267328	0.035355959999999985
5.50980980980981	3.803408	0.056264	25.228958720000005	0.7046950399999998
5.515715715715715	3.5524160000000005	0.078126	17.769082880000003	0.25954924
5.521621621621621	3.665104	0.077986	24.408775679999998	0.43659403999999996
5.5275275275275275	3.7363519999999997	0.11360999999999999	23.453265919999993	0.7861310000000001
5.533433433433434	3.746144	0.094064	41.388257280000005	0.09679903999999999
5.539339339339339	3.725472	0.05681	27.27954432	0.3484590000000001
5.545245245245245	3.5695360000000003	0.020725999999999998	7.37886208	0.09462924
5.551151151151151	3.6537919999999997	0.0060420000000000005	28.19663872	0.26568236000000006
5.557057057057057	3.57168	0.017858000000000002	14.482944	0.15048235999999998
5.562962962962962	3.7014720000000003	0.013552000000000002	6.54252032	0.15559296
5.568868868868869	3.756336	0.018982	72.45956608	0.16816076
5.574774774774775	3.605376	0.014491999999999998	15.841812479999996	0.37569936
5.580680680680681	3.63064	0.037882	15.398272000000002	0.29096075999999993
5.586586586586587	3.6984160000000004	0.054742	5.276154879999999	0.36286636000000005
5.592492492492492	3.7708800000000005	0.021994	7.577599999999999	0.20777164000000004
5.598398398398398	3.607424	0.024552	12.46056448	0.24961696000000003
5.604304304304304	3.6198080000000004	0.085258	24.587038720000006	0.16867435999999997
5.6102102102102105	3.72864	0.008452	8.054784000000001	0.10362096000000001
5.616116116116116	3.71368	0.039094	12.152192	0.78718764
5.622022022022022	3.5868160000000002	0.01051	35.848314880000004	0.12917900000000002
5.627927927927928	3.656736	0.010376	78.08043008	0.052026239999999994
5.633833833833834	3.4700800000000003	0.044157999999999996	30.02368	0.52010636
5.639739739739739	3.677712	0.005994	20.666629119999996	0.19980364
5.645645645645645	3.53104	0.02462	11.519488	0.37971600000000005
5.6515515515515515	3.597696	0.029086	6.388039680000001	0.87438604
5.657457457457458	3.664624	0.0042439999999999995	39.23445248	0.12187664
5.663363363363363	3.4788959999999998	0.058526	4.757191680000001	0.40663723999999996
5.669269269269269	3.588336	0.057513999999999996	14.288174079999997	0.38386604
5.675175175175175	3.575328	0.02076	20.806840320000003	0.153352
5.681081081081081	3.5792800000000002	0.017613999999999998	11.026816000000002	0.26885004
5.686986986986987	3.540192	0.12485999999999998	8.899358720000002	0.5641159999999998
5.692892892892893	3.468576	0.012508	27.965460479999997	0.17537135999999998
5.698798798798799	3.6362080000000003	0.028704	9.00265472	0.36550784
5.704704704704705	3.5521599999999998	0.023694	6.205951999999999	0.07885964000000001
5.710610610610611	3.493168	0.036002	13.819755519999998	0.31023596000000003
5.716516516516516	3.35984	0.038174	22.245888000000004	0.07865324
5.722422422422422	3.5718400000000003	0.030616	10.492928	0.96851744
5.728328328328328	3.5457440000000005	0.006242	37.17948928000001	0.08104236
5.7342342342342345	3.500976	0.043056	29.050772479999996	0.87780864
5.74014014014014	3.560144	0.038254	18.10646528	0.99845484
5.746046046046046	3.4144639999999997	0.015208000000000001	62.528430079999985	0.25728735999999996
5.751951951951952	3.475104	0.016266	12.285767680000001	0.07360044000000002
5.757857857857858	3.459744	0.004032	25.382113279999995	0.054045760000000005
5.763763763763763	3.4079839999999995	0.068734	16.354810880000006	0.28854443999999996
5.769669669669669	3.5418559999999997	0.009806	5.239009280000001	0.11929164
5.7755755755755755	3.3414879999999996	0.018102	26.823941120000008	0.07269996000000002
5.781481481481482	3.4546879999999995	0.046252	14.908805120000002	0.17719696
5.787387387387387	3.52304	0.057882	31.498752000000003	0.14060876
5.793293293293293	3.4236160000000004	0.053588	14.328954880000001	0.16720656
5.799199199199199	3.559712	0.041042	9.00442112	0.20825036
5.805105105105105	3.3655519999999997	0.022298	14.97236992	0.35331596000000004
5.811011011011011	3.338048	0.033038	30.10568192000001	0.13133356
5.816916916916917	3.374	0.012188	39.724416	0.13219056
5.822822822822823	3.325872	0.0038880000000000004	38.71749632	0.060538560000000005
5.828728728728729	3.55904	0.027074	8.769535999999999	0.2991412400000001
5.834634634634635	3.425408	0.033246	51.906846720000004	0.17767084000000002
5.84054054054054	3.410736	0.026576	24.048942080000003	0.21235423999999997
5.846446446446446	3.3176	0.027968	20.849152	0.60139776
5.852352352352352	3.4261760000000003	0.129116	11.527700480000002	0.10848944
5.8582582582582585	3.3747519999999995	0.023256	23.602769919999997	0.35296864
5.864164164164164	3.4073599999999997	0.060784000000000005	70.88640000000001	0.040381440000000005
5.87007007007007	3.4201599999999996	0.0097	7.49568	0.472516
5.875975975975976	3.377968	0.056708	20.512619519999994	0.06199536000000001
5.881881881881882	3.4261440000000003	0.013786000000000001	11.02358528	0.03883404
5.887787787787787	3.3735199999999996	0.08284	17.548671999999996	0.690832
5.8936936936936934	3.4008800000000003	0.002384	24.041856000000003	0.02109344
5.8995995995996	3.3945279999999998	0.034246	9.07794432	0.11395884
5.905505505505506	3.307088	0.019294	66.83776512	0.13002764
5.911411411411411	3.354	0.005864	5.730688	0.22874303999999998
5.917317317317317	3.309968	0.012416	11.54545152	0.19024543999999996
5.923223223223223	3.317968	0.046551999999999996	11.751275520000004	0.9255929600000001
5.929129129129129	3.2843199999999997	0.038607999999999996	28.098048000000006	0.12434336000000001
5.935035035035035	3.2994559999999997	0.010762	7.15644928	0.20656556
5.940940940940941	3.2454080000000003	0.025598	16.93059072000001	0.92896396
5.946846846846847	3.34056	0.014476	15.833472000000002	0.78137424
5.952752752752753	3.291808	0.021404	18.97756672	0.059247839999999996
5.958658658658659	3.1814080000000002	0.006226	20.057886720000003	0.24932524000000003
5.964564564564564	3.453632	0.036472000000000004	22.36567552	1.4334521600000003
5.97047047047047	3.29144	0.037534	8.619392	0.08088844
5.976376376376376	3.2734080000000003	0.059462	131.47676672	0.4872375600000001
5.9822822822822825	3.258112	0.08846	36.04774912	1.095716
5.988188188188188	3.268672	0.004548	24.324792320000007	0.13150896000000004
5.994094094094094	3.2498080000000003	0.048736	10.51305472	0.5077990400000001
6.0	3.240784	0.010534	30.622202880000003	0.28694443999999997
