Temperature	Energy	Magnetization	Specific heat	Susceptibility
0.1	8.0	1.0	0.0	0.0
0.10590590590590591	8.0	1.0	0.0	0.0
0.11181181181181182	8.0	1.0	0.0	0.0
0.11771771771771772	8.0	1.0	0.0	0.0
0.12362362362362363	8.0	1.0	0.0	0.0
0.12952952952952954	8.0	1.0	0.0	0.0
0.13543543543543546	8.0	1.0	0.0	0.0
0.14134134134134135	8.0	1.0	0.0	0.0
0.14724724724724725	8.0	1.0	0.0	0.0
0.15315315315315317	8.0	1.0	0.0	0.0
0.15905905905905907	8.0	1.0	0.0	0.0
0.164964964964965	8.0	1.0	0.0	0.0
0.17087087087087088	8.0	1.0	0.0	0.0
0.17677677677677678	8.0	1.0	0.0	0.0
0.18268268268268267	8.0	1.0	0.0	0.0
0.1885885885885886	8.0	1.0	0.0	0.0
0.19449449449449452	8.0	1.0	0.0	0.0
0.2004004004004004	8.0	1.0	0.0	0.0
0.2063063063063063	8.0	1.0	0.0	0.0
0.2122122122122122	8.0	1.0	0.0	0.0
0.21811811811811813	8.0	1.0	0.0	0.0
0.22402402402402405	8.0	1.0	0.0	0.0
0.22992992992992994	8.0	1.0	0.0	0.0
0.23583583583583584	8.0	1.0	0.0	0.0
0.24174174174174176	8.0	1.0	0.0	0.0
0.24764764764764766	8.0	1.0	0.0	0.0
0.2535535535535536	8.0	1.0	0.0	0.0
0.2594594594594595	8.0	1.0	0.0	0.0
0.26536536536536537	8.0	1.0	0.0	0.0
0.27127127127127126	8.0	1.0	0.0	0.0
0.27717717717717716	8.0	1.0	0.0	0.0
0.2830830830830831	8.0	1.0	0.0	0.0
0.288988988988989	8.0	1.0	0.0	0.0
0.2948948948948949	8.0	1.0	0.0	0.0
0.30080080080080085	8.0	1.0	0.0	0.0
0.30670670670670674	8.0	1.0	0.0	0.0
0.31261261261261264	8.0	1.0	0.0	0.0
0.31851851851851853	8.0	1.0	0.0	0.0
0.32442442442442443	8.0	1.0	0.0	0.0
0.3303303303303303	8.0	1.0	0.0	0.0
0.3362362362362362	8.0	1.0	0.0	0.0
0.34214214214214217	8.0	1.0	0.0	0.0
0.34804804804804806	8.0	1.0	0.0	0.0
0.353953953953954	8.0	1.0	0.0	0.0
0.3598598598598599	8.0	1.0	0.0	0.0
0.3657657657657658	8.0	1.0	0.0	0.0
0.3716716716716717	8.0	1.0	0.0	0.0
0.3775775775775776	8.0	1.0	0.0	0.0
0.3834834834834835	8.0	1.0	0.0	0.0
0.3893893893893894	8.0	1.0	0.0	0.0
0.3952952952952953	8.0	1.0	0.0	0.0
0.4012012012012012	8.0	1.0	0.0	0.0
0.4071071071071072	8.0	1.0	0.0	0.0
0.4130130130130131	8.0	1.0	0.0	0.0
0.41891891891891897	8.0	1.0	0.0	0.0
0.42482482482482486	8.0	1.0	0.0	0.0
0.43073073073073076	8.0	1.0	0.0	0.0
0.43663663663663665	8.0	1.0	0.0	0.0
0.44254254254254255	8.0	1.0	0.0	0.0
0.44844844844844844	8.0	1.0	0.0	0.0
0.45435435435435434	8.0	1.0	0.0	0.0
0.46026026026026023	8.0	1.0	0.0	0.0
0.46616616616616624	8.0	1.0	0.0	0.0
0.47207207207207214	8.0	1.0	0.0	0.0
0.47797797797797803	8.0	1.0	0.0	0.0
0.4838838838838839	8.0	1.0	0.0	0.0
0.4897897897897898	8.0	1.0	0.0	0.0
0.4956956956956957	8.0	1.0	0.0	0.0
0.5016016016016016	8.0	1.0	0.0	0.0
0.5075075075075075	8.0	1.0	0.0	0.0
0.5134134134134134	8.0	1.0	0.0	0.0
0.5193193193193193	8.0	1.0	0.0	0.0
0.5252252252252253	8.0	1.0	0.0	0.0
0.5311311311311312	8.0	1.0	0.0	0.0
0.5370370370370371	8.0	1.0	0.0	0.0
0.542942942942943	8.0	1.0	0.0	0.0
0.5488488488488489	8.0	1.0	0.0	0.0
0.5547547547547548	8.0	1.0	0.0	0.0
0.5606606606606607	8.0	1.0	0.0	0.0
0.5665665665665666	8.0	1.0	0.0	0.0
0.5724724724724725	8.0	1.0	0.0	0.0
0.5783783783783784	8.0	1.0	0.0	0.0
0.5842842842842844	8.0	1.0	0.0	0.0
0.5901901901901903	8.0	1.0	0.0	0.0
0.5960960960960962	8.0	1.0	0.0	0.0
0.602002002002002	8.0	1.0	0.0	0.0
0.6079079079079079	8.0	1.0	0.0	0.0
0.6138138138138138	8.0	1.0	0.0	0.0
0.6197197197197197	8.0	1.0	0.0	0.0
0.6256256256256256	8.0	1.0	0.0	0.0
0.6315315315315315	8.0	1.0	0.0	0.0
0.6374374374374374	7.999072	0.999942	0.02108416	8.236e-05
0.6433433433433433	8.0	1.0	0.0	0.0
0.6492492492492492	8.0	1.0	0.0	0.0
0.6551551551551552	8.0	1.0	0.0	0.0
0.6610610610610611	8.0	1.0	0.0	0.0
0.666966966966967	8.0	1.0	0.0	0.0
0.6728728728728729	8.0	1.0	0.0	0.0
0.6787787787787788	8.0	1.0	0.0	0.0
0.6846846846846847	8.0	1.0	0.0	0.0
0.6905905905905906	7.99936	0.9999600000000001	0.016384	6.4e-05
0.6964964964964965	8.0	1.0	0.0	0.0
0.7024024024024024	8.0	1.0	0.0	0.0
0.7083083083083083	8.0	1.0	0.0	0.0
0.7142142142142143	8.0	1.0	0.0	0.0
0.7201201201201202	8.0	1.0	0.0	0.0
0.7260260260260261	8.0	1.0	0.0	0.0
0.731931931931932	7.998528	0.999908	0.02543616	9.936e-05
0.7378378378378379	8.0	1.0	0.0	0.0
0.7437437437437437	7.998944	0.999934	0.022640639999999993	8.843999999999997e-05
0.7496496496496496	8.0	1.0	0.0	0.0
0.7555555555555555	7.998336	0.9998959999999999	0.025559039999999995	9.983999999999998e-05
0.7614614614614614	8.0	1.0	0.0	0.0
0.7673673673673673	8.0	1.0	0.0	0.0
0.7732732732732733	7.998303999999999	0.9998940000000001	0.025507840000000007	9.963999999999997e-05
0.7791791791791792	7.997472	0.999842	0.029276160000000006	0.00011436000000000002
0.7850850850850851	7.997472	0.999842	0.016988159999999995	6.635999999999998e-05
0.790990990990991	8.0	1.0	0.0	0.0
0.7968968968968969	8.0	1.0	0.0	0.0
0.8028028028028028	8.0	1.0	0.0	0.0
0.8087087087087087	8.0	1.0	0.0	0.0
0.8146146146146146	7.9968	0.9998	0.0	0.0
0.8205205205205205	7.995744	0.999734	0.08612863999999999	0.00033643999999999997
0.8264264264264264	8.0	1.0	0.0	0.0
0.8323323323323324	7.996352000000001	0.9997719999999999	0.07786496000000001	0.0003041600000000001
0.8382382382382383	8.0	1.0	0.0	0.0
0.8441441441441442	7.997472	0.999842	0.05999616000000001	0.00023436000000000003
0.8500500500500501	7.99072	0.9994200000000001	0.023552000000000007	9.199999999999997e-05
0.855955955955956	8.0	1.0	0.0	0.0
0.8618618618618619	7.99552	0.99972	0.024576	9.599999999999999e-05
0.8677677677677678	8.0	1.0	0.0	0.0
0.8736736736736737	7.997056	0.999816	0.11812864	0.00046144
0.8795795795795796	7.999232000000001	0.9999520000000001	0.018677759999999995	7.295999999999998e-05
0.8854854854854856	8.0	1.0	0.0	0.0
0.8913913913913915	7.988672	0.999292	0.02543616	9.936e-05
0.8972972972972973	7.99096	0.999384	0.069312	0.00039743999999999994
0.9032032032032032	7.999584	0.999974	0.011581439999999997	4.523999999999999e-05
0.9091091091091091	7.9936	0.9996	0.0	0.0
0.915015015015015	7.995616	0.999726	0.030013439999999995	0.00011723999999999998
0.9209209209209209	7.9879039999999994	0.999244	0.05853184	0.00022864
0.9268268268268268	7.993792	0.9996120000000001	0.052879359999999986	0.00020656
0.9327327327327327	8.0	1.0	0.0	0.0
0.9386386386386386	7.9959039999999995	0.9997440000000001	0.020643840000000007	8.063999999999999e-05
0.9445445445445446	7.991296000000001	0.9994559999999999	0.05545984000000003	0.00021663999999999999
0.9504504504504505	7.999712	0.9999819999999999	0.008386559999999998	3.275999999999999e-05
0.9563563563563564	7.993567999999999	0.999598	0.01330176	5.196e-05
0.9622622622622623	7.992352	0.9995219999999999	0.044840959999999985	0.00017516
0.9681681681681682	7.990144	0.999384	0.11403263999999999	0.00044543999999999996
0.9740740740740741	7.991264	0.9994540000000001	0.10415103999999999	0.00040683999999999995
0.97997997997998	7.990912	0.999432	0.05267456000000001	0.00020576000000000004
0.9858858858858859	7.9923839999999995	0.999524	0.03026944	0.00011824
0.9917917917917918	7.988703999999999	0.999188	0.08899584000000002	0.0005985599999999999
0.9976976976976977	7.976960000000001	0.99856	0.1966080000000001	0.0007680000000000003
1.0036036036036038	7.995775999999999	0.9997360000000001	0.022282240000000005	8.704000000000002e-05
1.0095095095095097	7.9880960000000005	0.999244	0.07798784000000003	0.00038064000000000007
1.0154154154154156	7.992528	0.9994719999999999	0.08502016	0.00046816
1.0213213213213215	7.992528	0.9995280000000001	0.19151615999999996	0.00079616
1.0272272272272274	7.9959679999999995	0.999748	0.03198975999999999	0.00012495999999999997
1.0331331331331333	7.98192	0.998828	0.0832	0.00037615999999999995
1.0390390390390392	7.983264	0.998922	0.06728703999999999	0.00034315999999999996
1.044944944944945	7.984128	0.999008	0.12886015999999997	0.0005033599999999999
1.050850850850851	7.986047999999999	0.999128	0.14237696000000005	0.0005561599999999998
1.0567567567567568	7.976576	0.9985360000000001	0.10625023999999998	0.00041504000000000015
1.0626626626626627	7.983296000000001	0.998956	0.21008383999999997	0.0008206400000000001
1.0685685685685686	7.987936	0.999246	0.13487103999999997	0.0005268400000000001
1.0744744744744745	7.969247999999999	0.9980760000000001	0.62391296	0.0024542400000000008
1.0803803803803804	7.986464	0.9991540000000001	0.35810304000000004	0.0013988400000000002
1.0862862862862863	7.979936	0.9987459999999999	0.77384704	0.00302284
1.0921921921921922	7.9737919999999995	0.9982219999999999	0.28711936000000005	0.0018311599999999999
1.098098098098098	7.980352000000001	0.998742	0.06711296000000001	0.00035436
1.1040040040040042	7.981152000000001	0.9986459999999999	0.06839296000000002	0.0003508399999999999
1.1099099099099101	7.989952000000001	0.9993719999999999	0.036904959999999994	0.00014415999999999998
1.115815815815816	7.981856	0.998866	0.27044864	0.00105644
1.121721721721722	7.96488	0.9977459999999999	0.699072	0.00296684
1.1276276276276278	7.967952	0.997972	0.27671296	0.00100816
1.1335335335335337	7.9728	0.9983	0.502784	0.001964
1.1394394394394396	7.960688	0.997332	0.08921856	0.0009217599999999998
1.1453453453453455	7.981503999999999	0.9988319999999999	0.05648384000000001	0.00027776
1.1512512512512514	7.963760000000001	0.997604	0.380608	0.00183984
1.1571571571571573	7.980767999999999	0.9987159999999999	0.13259775999999998	0.0005694399999999999
1.1630630630630632	7.95832	0.997194	0.58592	0.004531640000000002
1.168968968968969	7.9824	0.9989	0.25292800000000004	0.0009880000000000002
1.174874874874875	7.960576	0.997482	0.13645824	0.0006007599999999998
1.1807807807807809	7.952608000000001	0.9967860000000001	0.08436735999999999	0.0009140400000000002
1.1866866866866868	7.977488	0.998534	0.08000256	0.0004324400000000001
1.1925925925925926	7.973856	0.998242	0.33188863999999996	0.0014583599999999997
1.1984984984984985	7.96928	0.997976	0.264192	0.0014342399999999998
1.2044044044044044	7.960719999999999	0.9975200000000001	0.640704	0.002656000000000001
1.2103103103103106	7.944272	0.996516	0.33078015999999993	0.0012894399999999998
1.2162162162162165	7.955360000000001	0.9969520000000001	0.49023999999999995	0.0023289599999999997
1.2221221221221223	7.94672	0.996506	0.10111999999999999	0.0005396399999999998
1.2280280280280282	7.936496000000001	0.995732	0.40637184	0.00224176
1.2339339339339341	7.961552	0.997558	0.38935295999999986	0.0019303599999999997
1.23983983983984	7.926016000000001	0.994816	0.35794943999999995	0.00361344
1.245745745745746	7.961983999999999	0.9975719999999999	0.6257254400000002	0.00282416
1.2516516516516518	7.91648	0.9939459999999999	0.25856	0.00128684
1.2575575575575577	7.947152	0.9965719999999999	0.3739929600000001	0.00160016
1.2634634634634636	7.909616000000001	0.9938520000000001	0.35814144	0.0019409599999999998
1.2693693693693695	7.95	0.99665	0.50656	0.001947
1.2752752752752754	7.904832000000001	0.993778	0.28542976	0.00142316
1.2811811811811813	7.930511999999999	0.9952219999999999	0.79065856	0.0038551600000000007
1.2870870870870872	7.931216	0.9956959999999999	0.21273343999999994	0.00081984
1.292992992992993	7.9311679999999996	0.99551	1.3445017599999998	0.004939000000000001
1.298898898898899	7.903072	0.993684	1.5888281600000003	0.006497439999999999
1.3048048048048049	7.9179520000000005	0.994194	0.13930496000000003	0.00052364
1.3107107107107108	7.928960000000001	0.995452	0.29184	0.00143696
1.3166166166166167	7.93048	0.995182	0.188608	0.0008807599999999999
1.3225225225225228	7.932672	0.9955459999999999	0.2655641599999999	0.0006468399999999998
1.3284284284284287	7.941664	0.995868	0.6693990400000001	0.0031617600000000004
1.3343343343343346	7.906847999999999	0.993866	0.26039296000000006	0.00105644
1.3402402402402405	7.878608	0.991974	0.50772736	0.0037492400000000005
1.3461461461461464	7.914784	0.99435	0.26502143999999994	0.001139
1.3520520520520523	7.890128	0.9922200000000001	0.26063615999999995	0.0017479999999999998
1.3579579579579582	7.903552	0.99244	0.48695296	0.002176000000000001
1.363863863863864	7.92968	0.9953219999999999	0.8721279999999999	0.00355916
1.36976976976977	7.892512	0.992466	0.72057856	0.004800439999999999
1.3756756756756758	7.877056	0.99161	0.18008064000000001	0.001099
1.3815815815815817	7.904816	0.993424	1.31302144	0.007538240000000001
1.3874874874874876	7.866528	0.9909879999999999	0.8991641600000001	0.0052305599999999996
1.3933933933933935	7.8964	0.992964	0.908992	0.004099040000000001
1.3992992992992994	7.8925279999999995	0.993052	0.6031641600000002	0.002156959999999999
1.4052052052052053	7.893439999999999	0.9928100000000001	0.6773760000000001	0.004131000000000001
1.4111111111111112	7.8023679999999995	0.9862920000000001	3.0394777600000014	0.01220336
1.417017017017017	7.872304	0.9912540000000001	1.7519078400000005	0.00828684
1.422922922922923	7.865568	0.9896159999999999	0.7423897599999998	0.00431744
1.428828828828829	7.844639999999999	0.9889979999999999	0.285952	0.0019319600000000006
1.4347347347347348	7.851839999999999	0.989684	1.200128	0.003825439999999999
1.440640640640641	7.810239999999999	0.986188	0.8192	0.006854559999999998
1.4465465465465468	7.881183999999999	0.991764	0.27270143999999996	0.00157104
1.4524524524524527	7.884	0.992294	0.983296	0.00513164
1.4583583583583586	7.862655999999999	0.989926	0.88766464	0.004757239999999999
1.4642642642642645	7.856160000000001	0.9899979999999999	0.7795200000000001	0.005475959999999999
1.4701701701701704	7.8143839999999996	0.9862639999999999	0.8092134400000004	0.008687039999999998
1.4760760760760763	7.825552	0.9876440000000001	1.3508889600000002	0.00810864
1.4819819819819822	7.829072	0.988258	1.2416281600000003	0.00525836
1.487887887887888	7.791167999999999	0.9854120000000001	0.53170176	0.002486559999999999
1.493793793793794	7.835056	0.9888120000000001	3.4222566399999987	0.013350560000000001
1.4996996996996999	7.789248	0.985892	0.40605695999999997	0.0025073600000000006
1.5056056056056057	7.762047999999999	0.982934	1.509416960000001	0.007424439999999998
1.5115115115115116	7.770511999999999	0.9843540000000001	0.6944025600000001	0.00395084
1.5174174174174175	7.788832000000001	0.9854639999999999	0.40395776000000005	0.002951039999999999
1.5233233233233234	7.726832000000001	0.9799540000000001	3.1850777600000018	0.021694839999999996
1.5292292292292293	7.825952	0.9874459999999999	0.17642496000000002	0.0010468399999999998
1.5351351351351352	7.7792639999999995	0.984658	0.36603904000000004	0.0026583600000000002
1.5410410410410411	7.828880000000001	0.98815	0.689344	0.006947
1.546946946946947	7.743519999999999	0.9817520000000001	3.210496	0.01719296
1.552852852852853	7.7729919999999995	0.9848600000000001	3.2487833600000013	0.015971999999999997
1.558758758758759	7.738656	0.9808959999999999	3.293808640000001	0.021547839999999995
1.564664664664665	7.734416	0.980292	2.6396134399999993	0.00973936
1.5705705705705708	7.719519999999999	0.980196	1.2326399999999997	0.00595184
1.5764764764764767	7.768608	0.984094	2.18305536	0.0064516400000000015
1.5823823823823826	7.752	0.982504	6.961152	0.02721984
1.5882882882882885	7.7656	0.984368	0.49894399999999994	0.00274176
1.5941941941941944	7.7042399999999995	0.9796020000000001	0.948416	0.005251959999999999
1.6001001001001003	7.6380479999999995	0.973548	1.0565529599999999	0.006524959999999999
1.6060060060060062	7.65848	0.974576	1.577664	0.004962240000000001
1.611911911911912	7.721775999999999	0.9807520000000001	1.72333824	0.008760960000000003
1.617817817817818	7.758752	0.983426	2.65399296	0.022725239999999994
1.6237237237237239	7.69088	0.9766959999999999	0.937472	0.011499839999999996
1.6296296296296298	7.6477759999999995	0.974658	1.4965862399999994	0.01179436
1.6355355355355357	7.6483360000000005	0.974176	1.8965990400000006	0.009722240000000002
1.6414414414414416	7.700144	0.979102	1.88523264	0.009499960000000002
1.6473473473473474	7.679952	0.976822	1.1701529600000002	0.004647159999999999
1.6532532532532533	7.660896000000001	0.97485	2.7739238399999997	0.008387
1.6591591591591592	7.7032	0.9782799999999999	0.89728	0.006176
1.6650650650650651	7.647232000000001	0.9750219999999999	4.889845759999999	0.03747916
1.6709709709709712	7.665152	0.974902	1.68093696	0.008915960000000002
1.6768768768768771	7.60912	0.9702940000000001	1.078016	0.012979640000000004
1.682782782782783	7.540912	0.9653959999999999	1.6226585599999996	0.010383839999999997
1.688688688688689	7.620767999999999	0.971772	0.9640857599999998	0.00532016
1.6945945945945948	7.592911999999999	0.9709200000000001	2.4116505599999996	0.011856000000000004
1.7005005005005007	7.56608	0.9675239999999999	1.083392	0.007710240000000002
1.7064064064064066	7.5888	0.96704	0.46336000000000005	0.018080000000000002
1.7123123123123125	7.571536	0.969094	4.445847040000001	0.013443640000000001
1.7182182182182184	7.5076160000000005	0.964	2.2008934399999998	0.013672
1.7241241241241243	7.601792	0.9708979999999999	1.8868633600000002	0.008683960000000001
1.7300300300300302	7.628032000000001	0.9724299999999999	3.4086297600000006	0.013579000000000004
1.735935935935936	7.532464	0.9639540000000001	1.4398950400000006	0.011126839999999997
1.741841841841842	7.524976	0.9654459999999999	3.94132224	0.029598839999999994
1.7477477477477479	7.551104	0.964802	8.869027839999998	0.07885196000000003
1.7536536536536538	7.461856	0.959324	0.8034406399999998	0.013686239999999999
1.7595595595595597	7.602703999999999	0.972248	1.1083238400000004	0.00788896
1.7654654654654656	7.449984	0.9581940000000001	4.01977344	0.02608364000000001
1.7713713713713715	7.508528	0.9575540000000001	2.989596159999999	0.025742839999999996
1.7772772772772774	7.525872	0.963618	2.1151001600000003	0.017248759999999995
1.7831831831831833	7.452576	0.958492	2.1038182400000003	0.02066736
1.7890890890890894	7.481152000000001	0.9617600000000001	7.01290496	0.037911999999999994
1.7949949949949953	7.476592	0.956634	1.8051353599999997	0.022472440000000003
1.8009009009009012	7.437136	0.9546979999999999	4.36955904	0.02933996
1.806806806806807	7.369728	0.949434	1.6495001600000003	0.03092844
1.812712712712713	7.439408	0.957744	4.489551360000002	0.03749664000000001
1.8186186186186188	7.406111999999999	0.95367	4.8631705599999995	0.06552299999999998
1.8245245245245247	7.41056	0.955254	8.5888	0.034334840000000005
1.8304304304304306	7.370576	0.950508	3.6054502399999993	0.041523360000000016
1.8363363363363365	7.4276800000000005	0.956692	10.575104000000003	0.07654736000000001
1.8422422422422424	7.36632	0.949636	4.224192000000001	0.03301103999999998
1.8481481481481483	7.3063839999999995	0.94283	2.0933094399999996	0.038770999999999986
1.8540540540540542	7.353408	0.950526	1.5013273600000006	0.00756524
1.85995995995996	7.327456	0.9452719999999999	3.942512640000001	0.05341216000000001
1.865865865865866	7.333632000000001	0.9471719999999999	6.436085759999999	0.10192816
1.871771771771772	7.277264	0.9407559999999999	1.2176870400000004	0.031092639999999994
1.8776776776776778	7.334528	0.946314	8.82364416	0.06825003999999998
1.8835835835835837	7.2827839999999995	0.9420059999999999	3.7973094399999994	0.00893164
1.8894894894894896	7.252896000000001	0.938998	2.511779839999999	0.06506795999999998
1.8953953953953955	7.294784	0.938774	10.675773440000002	0.06478924000000001
1.9013013013013014	7.3303199999999995	0.944134	3.7900160000000005	0.03919243999999999
1.9072072072072075	7.285664	0.943836	1.6519270400000001	0.01104304
1.9131131131131134	7.30072	0.945734	3.653312000000001	0.010304440000000003
1.9190190190190193	7.285808	0.9396680000000001	4.232015360000002	0.07278576
1.9249249249249252	7.177024	0.9349959999999999	5.0767462399999985	0.04118384000000003
1.930830830830831	7.142352000000001	0.92896	3.06864896	0.023624000000000003
1.936736736736737	7.077439999999999	0.9194899999999999	2.064384	0.013659000000000001
1.9426426426426429	7.171392	0.935204	2.350735360000001	0.028807839999999998
1.9485485485485488	7.099632000000001	0.924278	11.417525759999998	0.07388716
1.9544544544544546	7.124111999999999	0.9247360000000001	6.5327385599999985	0.045791039999999984
1.9603603603603605	7.115488	0.9235760000000001	1.7691545599999998	0.008522239999999999
1.9662662662662664	7.1276	0.9274020000000001	2.336448	0.03613995999999999
1.9721721721721723	7.092944	0.923524	3.5932646399999992	0.06902223999999998
1.9780780780780782	7.085552000000001	0.922594	5.131496959999999	0.03037964
1.9839839839839841	7.06712	0.9215780000000001	19.25292799999999	0.20566316
1.98988988988989	7.099183999999999	0.9219120000000001	9.041661440000002	0.14554656
1.995795795795796	7.083568	0.926924	5.357493759999998	0.021062240000000003
2.001701701701702	6.9906559999999995	0.905048	6.579568640000001	0.06236096
2.0076076076076075	7.027344	0.917236	7.405104639999999	0.042915039999999974
2.0135135135135136	6.8556	0.8965799999999999	3.24832	0.019516000000000002
2.0194194194194197	6.994816	0.912236	15.83878144	0.19333903999999993
2.0253253253253254	6.963024000000001	0.9078280000000001	14.678474240000002	0.15518416000000004
2.0312312312312315	6.825264	0.8944719999999999	10.02818304	0.10064415999999998
2.037137137137137	6.923072	0.9006559999999999	10.575708160000001	0.14258464000000004
2.0430430430430433	6.852608	0.896368	5.246095360000002	0.030373759999999993
2.048948948948949	6.8276639999999995	0.8962600000000001	5.9326950400000005	0.05706800000000001
2.054854854854855	6.742719999999999	0.881386	17.626112	0.09987403999999998
2.0607607607607608	6.63592	0.866892	4.789440000000001	0.04280336000000003
2.066666666666667	6.828639999999999	0.897282	4.227327999999999	0.03648076000000001
2.0725725725725725	6.6508	0.868828	5.3296	0.09759216000000001
2.0784784784784787	6.760975999999999	0.888776	3.3187302399999994	0.031722240000000006
2.0843843843843843	6.766688	0.88069	1.6068505599999998	0.05676300000000001
2.0902902902902905	6.726144000000001	0.882936	4.434800640000001	0.06716703999999997
2.096196196196196	6.641632	0.871502	1.3936537599999999	0.04136396
2.1021021021021022	6.662783999999999	0.865994	7.598653440000001	0.027811640000000006
2.1080080080080084	6.649184	0.867442	5.345597439999998	0.11457836000000002
2.113913913913914	6.7193119999999995	0.8774139999999999	6.373506559999999	0.049082039999999987
2.11981981981982	6.721056	0.891368	12.756080639999997	0.08659776000000001
2.125725725725726	6.403536	0.8357020000000001	3.4750950400000002	0.07354795999999998
2.131631631631632	6.347664	0.8231620000000001	2.4290790400000004	0.06138155999999998
2.1375375375375376	6.5484160000000005	0.8651760000000001	3.9552614400000006	0.06727423999999999
2.1434434434434437	6.545968	0.8659479999999999	12.62021376	0.09482095999999998
2.1493493493493494	6.563536	0.835736	7.945879040000001	0.10119903999999998
2.1552552552552555	6.520112	0.842124	2.9799705600000004	0.03448624
2.161161161161161	6.412624	0.837874	1.97933824	0.07852524000000002
2.1670670670670673	6.4577919999999995	0.8411280000000001	14.16155136	0.19262016
2.172972972972973	6.2687040000000005	0.815472	9.44272384	0.07127615999999999
2.178878878878879	6.278064	0.80099	4.815511040000001	0.049251
2.1847847847847848	6.356112	0.8310879999999999	2.7485465599999994	0.06609055999999999
2.190690690690691	6.187248	0.779358	7.045352960000001	0.14123436000000003
2.196596596596597	6.409616000000001	0.8207840000000001	7.049981440000004	0.10422943999999998
2.2025025025025027	6.231584	0.804618	8.331069439999998	0.18776875999999998
2.208408408408409	6.219648	0.794162	3.4893209599999992	0.13491756
2.2143143143143145	6.27984	0.810964	0.6945279999999998	0.024363040000000002
2.2202202202202206	6.15152	0.7925	12.61952	0.266988
2.2261261261261263	6.189392	0.800184	2.8675353599999998	0.08041343999999997
2.2320320320320324	6.124768	0.777446	9.754101759999998	0.17652684000000002
2.237937937937938	6.12984	0.794276	9.487552	0.07863024
2.243843843843844	5.996496	0.721238	1.4559718400000006	0.045181559999999996
2.24974974974975	5.945424	0.7627619999999999	5.07437824	0.07023756
2.255655655655656	5.810464	0.666076	7.307479040000001	0.07096624000000001
2.2615615615615616	6.0258400000000005	0.766894	9.224896000000001	0.11441164
2.2674674674674677	5.74576	0.703414	14.677760000000003	0.24040203999999998
2.2733733733733734	5.751104	0.686948	3.5447398400000005	0.21803696000000006
2.2792792792792795	5.938224	0.7381479999999999	4.90746624	0.09957295999999996
2.285185185185185	5.638912	0.660042	3.1400345600000015	0.14676236000000004
2.2910910910910913	5.717808	0.67707	4.21255936	0.129491
2.296996996996997	5.637455999999999	0.67869	10.343984640000002	0.13985899999999998
2.302902902902903	5.59744	0.643468	5.463552	0.07753776000000001
2.308808808808809	5.637983999999999	0.656958	18.836797440000005	0.10961836000000003
2.314714714714715	5.491104	0.6500560000000001	3.75645184	0.04770464
2.320620620620621	5.53568	0.632138	10.543104000000003	0.06020556000000001
2.3265265265265267	5.558224	0.632554	2.7053542399999997	0.07352684
2.332432432432433	5.458272	0.627526	4.727388160000001	0.19124523999999993
2.3383383383383385	5.5098080000000005	0.637818	12.107087360000001	0.04528075999999998
2.3442442442442446	5.291168	0.568988	5.810165759999999	0.06068656
2.3501501501501503	5.214704	0.506212	35.25001984000001	0.06567856
2.3560560560560564	5.370608	0.620552	7.76686336	0.40044096000000007
2.361961961961962	5.214848	0.552756	3.28656896	0.22453264
2.367867867867868	5.3228480000000005	0.566762	1.8260889599999994	0.15933356000000004
2.373773773773774	5.219040000000001	0.556002	13.444352000000006	0.15027596000000007
2.37967967967968	5.222192	0.529008	2.0355353600000003	0.050311360000000006
2.3855855855855856	5.042368	0.47708	3.577589759999999	0.29265599999999997
2.3914914914914918	5.257696	0.59535	53.35133184	0.918019
2.3973973973973974	4.9436	0.42222600000000005	41.418944	0.08003723999999998
2.4033033033033036	4.875712	0.41300600000000004	9.880002560000001	0.30061964
2.4092092092092092	4.902384	0.440508	4.133629439999999	0.07613936
2.4151151151151153	4.906256	0.485414	4.465712639999999	0.07345803999999999
2.421021021021021	4.734176000000001	0.323276	14.20545024	0.45535024
2.426926926926927	4.849168	0.389228	12.347317760000001	0.21488016000000001
2.4328328328328332	4.841008	0.45565600000000006	5.002575360000001	0.47271264000000013
2.438738738738739	4.8536	0.348806	3.21664	0.08419564000000002
2.444644644644645	4.84272	0.407188	2.6048	0.09123856
2.4505505505505507	4.879696	0.39427399999999996	8.94806784	0.06198124
2.456456456456457	4.635712	0.25786	9.817538560000001	0.22452399999999997
2.4623623623623625	4.7876	0.38342600000000004	15.209152	0.11912524000000001
2.4682682682682686	4.804112	0.37615	15.07648256	0.11129100000000001
2.4741741741741743	4.625616	0.26829200000000003	5.612797440000002	0.07174736000000002
2.4800800800800804	4.625648	0.273954	11.175144959999999	0.13363883999999995
2.485985985985986	4.678176000000001	0.359114	5.147658239999999	0.19957804000000007
2.491891891891892	4.602352	0.290046	7.803112959999998	0.04378284
2.497797797797798	4.681568	0.37026	3.42270976	0.10325199999999997
2.503703703703704	4.486944	0.186076	9.755248639999996	0.25689424000000005
2.5096096096096097	4.591744	0.293718	19.751280639999994	0.18975276000000002
2.5155155155155158	4.350288	0.26596	27.470466560000002	0.27688
2.5214214214214214	4.357488	0.252422	2.81971456	0.03325515999999999
2.5273273273273276	4.5068	0.276486	11.354816	0.18100203999999998
2.5332332332332332	4.35232	0.234316	29.459968	0.5039374400000001
2.5391391391391394	4.584704	0.326544	10.54429184	0.11141663999999998
2.5450450450450455	4.208080000000001	0.261518	46.011584000000006	0.40850475999999997
2.550950950950951	4.204912	0.141016	12.895874560000003	0.39884544000000005
2.5568568568568573	4.246208	0.193168	7.051407360000002	1.09851776
2.562762762762763	4.366224	0.201776	7.328202239999999	0.09145824000000002
2.568668668668669	4.23048	0.080188	13.56	0.87372656
2.5745745745745747	4.367008	0.2313	8.78836736	0.225156
2.580480480480481	4.1615519999999995	0.18274200000000002	6.52260096	0.9292903600000001
2.5863863863863865	4.13248	0.138036	11.805696000000003	0.07729104
2.5922922922922926	4.23984	0.180562	11.063552	0.12140555999999994
2.5981981981981983	4.084256	0.086366	7.49323264	0.27071244
2.6041041041041044	4.03512	0.11857000000000001	6.258368000000001	0.28421899999999994
2.61001001001001	4.117904	0.068442	1.5860198399999998	0.22457036000000002
2.615915915915916	4.106128	0.1889	1.7899801600000003	1.0271
2.621821821821822	4.128992	0.17843399999999998	2.7298713599999997	0.08722444
2.627727727727728	4.135984	0.013274000000000001	10.160381440000002	0.09664524
2.6336336336336337	4.080144000000001	0.067536	8.878128639999998	0.07491903999999998
2.63953953953954	4.030384	0.13952799999999999	16.797437440000007	0.09378816000000001
2.6454454454454455	4.0638559999999995	0.025346	15.59966464	0.18294284000000005
2.6513513513513516	4.052288	0.047424	9.100226560000003	0.12697824
2.6572572572572573	3.870512	0.070526	17.174658559999997	0.33562124
2.6631631631631634	3.982224	0.013666	4.7072742399999985	0.8417284399999999
2.6690690690690695	4.00992	0.053610000000000005	9.603584000000003	0.40449899999999994
2.674974974974975	3.9411199999999997	0.052858	9.204736	0.12243435999999999
2.6808808808808813	3.9312160000000005	0.012606000000000001	14.01318144	1.1747716400000001
2.686786786786787	4.121936	0.004524	3.85704704	0.07542223999999999
2.692692692692693	3.904208	0.023944	24.798543360000004	0.2821286400000001
2.6985985985985987	3.901968	0.078944	2.2092057599999997	0.10064063999999999
2.704504504504505	3.952976	0.011522	3.5542502399999982	0.17476715999999998
2.7104104104104105	3.9752959999999997	0.097798	3.4776678400000005	0.11894796000000006
2.7163163163163166	3.81696	0.025827999999999997	3.3664	0.21291216
2.7222222222222223	3.94464	0.006654	3.0218240000000005	0.15156684000000004
2.7281281281281284	3.764304	0.009328	8.797027839999998	0.25776416
2.734034034034034	3.95088	0.0073	7.51232	0.198452
2.7399399399399402	3.9619199999999997	0.046812	16.972288	0.29000655999999997
2.745845845845846	3.9061440000000003	0.010064	4.10123264	0.06171104
2.751751751751752	3.828032	0.039142	2.9816217599999995	0.07740236
2.7576576576576577	3.7512480000000004	0.045446	3.0799129599999997	0.19795084
2.763563563563564	3.66984	0.080522	12.227775999999999	0.13407116000000002
2.7694694694694695	3.87704	0.053318	4.8048	0.32283276
2.7753753753753756	3.823136	0.001994	6.39355904	0.01905164
2.7812812812812817	3.626832	0.043508	6.149045759999999	0.20428336
2.7871871871871874	3.8115360000000003	0.043042000000000004	16.760983040000003	0.30575436000000006
2.7930930930930935	3.75512	0.07423400000000001	11.958463999999996	0.43882444
2.798998998998999	3.718464	0.024036000000000002	18.192343039999994	1.1141070400000002
2.8049049049049053	3.5189440000000003	0.01475	10.293872639999996	0.143795
2.810810810810811	3.629312	0.014868000000000001	17.127362559999995	0.13268176
2.816716716716717	3.61496	0.008459999999999999	18.488	0.08435599999999999
2.8226226226226228	3.5672639999999998	0.013316	2.618071040000001	0.17533743999999998
2.828528528528529	3.6294720000000003	0.090088	6.308444160000002	0.28948255999999994
2.8344344344344345	3.6636480000000002	0.06678200000000001	3.886888960000001	0.26854476
2.8403403403403407	3.6035839999999997	0.003718	11.362365439999998	0.05916076000000001
2.8462462462462463	3.47416	0.060315999999999995	15.006399999999998	0.17284144
2.8521521521521525	3.518192	0.034052	15.699279359999997	0.11599696000000001
2.858058058058058	3.675184	0.05176	9.530109440000002	0.12916799999999998
2.8639639639639642	3.58872	0.029914	14.857408	1.80939404
2.86986986986987	3.5984480000000003	0.040272	11.19511296	0.29868416
2.875775775775776	3.6341120000000005	0.006224	3.6105625600000013	0.27525824000000004
2.8816816816816817	3.4896	0.046877999999999996	4.509183999999999	0.19264716
2.887587587587588	3.4328800000000004	0.023354	6.775488	0.26209484
2.893493493493494	3.565344	0.054224	22.628976639999998	0.07235423999999999
2.8993993993993996	3.534848	0.033776	7.211048960000001	0.14631424
2.9053053053053057	3.361328	0.043074	9.336348160000002	0.27196524
2.9112112112112114	3.464112	0.04898	4.08384256	0.054467999999999996
2.9171171171171175	3.525376	0.031942	6.73153024	0.14401835999999998
2.923023023023023	3.3866400000000003	0.040518	11.945664	0.09912076
2.9289289289289293	3.4144639999999997	0.012657999999999999	4.608983040000001	0.10275436
2.934834834834835	3.481168	0.005215999999999999	6.392245759999999	0.10692543999999998
2.940740740740741	3.514304	0.017508000000000003	6.091427840000001	0.11974735999999998
2.9466466466466468	3.492864	0.0051920000000000004	2.07099904	0.07271136
2.952552552552553	3.3651519999999997	0.021366	9.874728960000004	0.51068044
2.9584584584584586	3.3462400000000003	0.032292	5.376512000000001	0.29017136000000004
2.9643643643643647	3.3246879999999996	0.051436	19.92461056000001	0.38094704
2.9702702702702704	3.366256	0.006342	4.857904639999998	0.08434636000000001
2.9761761761761765	3.2875199999999998	0.021306	8.710912000000002	0.13038764
2.982082082082082	3.406016	0.036722000000000005	5.4272614400000005	0.19282316
2.9879879879879883	3.3604	0.019168	22.585535999999998	0.10195776000000001
2.993893893893894	3.200768	0.013684	4.76286976	0.5270734399999999
2.9997997997998	3.349136	0.016258	9.013399040000001	0.9690743600000001
3.0057057057057057	3.3824	0.036092	7.491584	0.31883536
3.011611611611612	3.2905599999999997	0.051038	7.748095999999998	0.17946956000000003
3.017517517517518	3.2257919999999998	0.048618	26.016911360000005	0.14461675999999996
3.0234234234234236	3.274528	0.014225999999999999	22.642780160000008	0.57413324
3.0293293293293297	3.159408	0.004864	5.56372736	0.07120704
3.0352352352352354	3.3176	0.045344	37.652224	0.11538464
3.0411411411411415	3.466416	0.010908	19.708669440000005	0.11385936000000002
3.047047047047047	3.340528	0.0411	25.78434816	0.242196
3.0529529529529533	3.181248	0.015828000000000002	10.267688960000001	0.05869616000000001
3.058858858858859	3.279472	0.007712	6.85878016	0.14705056000000002
3.064764764764765	3.255584	0.023063999999999998	3.9442534399999998	0.41154304
3.070670670670671	3.251632	0.013106	4.522933759999999	0.16662764000000002
3.076576576576577	3.1973119999999997	0.01516	13.80345856	0.8987440000000001
3.0824824824824826	3.268976	0.036208	2.3449062400000003	0.30778336
3.0883883883883887	3.0800959999999997	0.045432	4.29302784	0.08283776000000001
3.0942942942942944	3.1983040000000003	0.025065999999999998	20.33347584000001	0.28992044000000006
3.1002002002002005	3.146208	0.02937	2.8102553599999998	0.8010269999999998
3.106106106106106	3.2049279999999998	0.008436	8.34492416	0.21941903999999998
3.1120120120120123	3.141312	0.008314	19.275714559999997	0.4504260400000001
3.117917917917918	3.097808	0.014616	27.075407359999996	0.09718944
3.123823823823824	3.24896	0.046616000000000005	10.591743999999998	0.43753344
3.12972972972973	3.1770400000000003	0.059284	16.268992	0.17433744000000004
3.135635635635636	3.013168	0.040546	6.668725760000001	0.20344684000000002
3.141541541541542	3.067856	0.039024	8.08094464	0.28970623999999995
3.1474474474474476	3.137984	0.010001999999999999	7.222333440000001	0.06628395999999999
3.1533533533533538	2.989648	0.020263999999999997	4.872424959999999	1.42219104
3.1592592592592594	2.995168	0.010492	31.423477759999997	0.44027536
3.1651651651651656	3.070688	0.006254	5.85747456	0.26360684
3.1710710710710712	3.2063200000000003	0.029934	23.868096000000005	0.19151244
3.1769769769769773	3.139136	0.01672	12.589015039999998	0.07864
3.182882882882883	3.015072	0.024714	9.54377216	0.13773804
3.188788788788789	2.992816	0.06573999999999999	3.691261439999999	0.15894000000000003
3.194694694694695	3.0133919999999996	0.018226	17.964367359999994	0.12494124000000002
3.200600600600601	3.0964959999999997	0.03712	18.80662784	0.288088
3.2065065065065066	3.063056	0.05354400000000001	12.73604864	0.07528863999999999
3.2124124124124127	2.97864	0.051775999999999996	15.624384	0.3482742399999999
3.2183183183183184	2.909424	0.012022	3.302858239999999	0.09497515999999999
3.2242242242242245	3.123552	0.009968000000000001	15.20669696	0.25686175999999994
3.23013013013013	3.061744	0.00656	8.22942464	0.102296
3.2360360360360363	2.956912	0.02034	18.690178560000003	0.096724
3.2419419419419424	2.971968	0.016012000000000002	25.22648576	0.19701456000000003
3.247847847847848	3.080336	0.0070079999999999995	17.60117504	0.33442336000000006
3.253753753753754	3.022368	0.018586000000000002	14.483445759999999	0.23785804
3.25965965965966	3.027168	0.026344	5.78354176	0.34752864
3.265565565565566	2.859552	0.045194	10.280744960000002	0.3966036399999999
3.2714714714714717	2.9765759999999997	0.03562	11.402506240000003	0.27706
3.2773773773773778	2.988352	0.084502	9.83248896	0.27629996
3.2832832832832834	3.007936	0.00415	7.088599040000003	0.053075
3.2891891891891896	2.939712	0.029495999999999998	15.62669056	0.15719584
3.2950950950950952	2.978032	0.021632	15.391157760000002	0.69664576
3.3010010010010014	2.917072	0.022856	5.167132160000001	0.19740864000000002
3.306906906906907	2.856064	0.055277999999999994	12.189143040000003	0.31407915999999997
3.312812812812813	2.9348	0.032964	12.193984	0.87829104
3.318718718718719	2.816112	0.037107999999999995	12.113538560000002	0.11415536
3.324624624624625	2.8905119999999997	0.023816	22.10368256	0.20854943999999995
3.3305305305305306	2.861552	0.020224000000000002	24.39447296	0.53580224
3.3364364364364367	2.968048	0.00839	7.73450496	0.059602999999999996
3.3423423423423424	2.7574240000000003	0.016434	14.21665024	0.20041644
3.3482482482482485	2.853072	0.008487999999999999	7.258140160000004	0.18902655999999998
3.354154154154154	2.913536	0.014356	8.962007040000003	0.27765263999999995
3.3600600600600603	2.723744	0.033052	7.087728640000001	0.24556496000000003
3.3659659659659664	2.785088	0.015062	12.007874559999998	0.15334156000000002
3.371871871871872	2.8425279999999997	0.013594	15.555676160000003	0.40020363999999997
3.377777777777778	2.794416	0.029524	11.95801344	0.06976624000000001
3.383683683683684	2.830768	0.006556	9.52670976	0.16722863999999998
3.38958958958959	2.882576	0.059132000000000004	7.520714239999999	0.32763376000000005
3.3954954954954957	2.742912	0.013252000000000002	4.410818559999999	0.66365296
3.401401401401402	2.828448	0.022936	9.66634496	0.19353504
3.4073073073073075	2.707104	0.01239	15.240611840000001	0.19999500000000003
3.4132132132132136	2.844336	0.056813999999999996	5.463191040000001	1.3141220400000002
3.4191191191191193	2.659488	0.015818000000000002	17.017026559999998	0.21459276
3.4250250250250254	2.906736	0.014734	9.094295040000002	0.21618444
3.430930930930931	2.894464	0.044610000000000004	7.808471040000002	0.235275
3.436836836836837	2.708704	0.025546	4.24233984	0.14215084000000003
3.442742742742743	2.795248	0.032414	11.615464959999999	0.87567404
3.448648648648649	2.86136	0.026472000000000002	6.868672000000002	0.91345216
3.4545545545545546	2.654544	0.013444	8.691248639999996	0.16114063999999997
3.4604604604604607	2.6850400000000003	0.00504	7.143103999999999	0.17487999999999995
3.4663663663663664	2.70664	0.009076	7.497408	0.29227024
3.4722722722722725	2.670544	0.007286	24.375856640000002	0.11200203999999998
3.4781781781781786	2.7044639999999998	0.006908	12.76226304	0.14109936000000003
3.4840840840840843	2.77352	0.022698	73.97702399999999	0.25961996
3.4899899899899904	2.7048799999999997	0.015356	6.1959040000000005	0.40029264000000003
3.495895895895896	2.754944	0.017258000000000003	7.076720639999998	0.6917223599999999
3.5018018018018022	2.8465599999999998	0.019819999999999997	8.630528	0.308396
3.507707707707708	2.6446240000000003	0.014476	11.983306240000003	0.13963024
3.513613613613614	2.7298720000000003	0.007504	7.601692160000003	0.19895584
3.5195195195195197	2.693824	0.003986	4.345610240000001	0.07511403999999999
3.525425425425426	2.721056	0.043276	8.435312640000001	0.15071824
3.5313313313313315	2.730368	0.019322	14.391029759999999	0.63174316
3.5372372372372376	2.679792	0.035514	13.988175359999996	0.16917804
3.5431431431431433	2.70312	0.00436	9.722047999999997	0.07456800000000002
3.5490490490490494	2.636992	0.021206	9.46139136	0.11694764000000002
3.554954954954955	2.629264	0.029324	4.681367040000001	0.04909423999999999
3.560860860860861	2.631488	0.040808	29.264322559999993	0.36970336
3.566766766766767	2.6613919999999998	0.033036	31.062351359999994	0.5338910400000001
3.572672672672673	2.662528	0.018963999999999998	15.588188160000009	0.22601904000000003
3.5785785785785786	2.679328	0.007922	11.90921216	0.3350311600000001
3.5844844844844848	2.606832	0.028104	17.278389760000003	0.32913983999999996
3.590390390390391	2.652848	0.011836	5.946600960000001	0.62422704
3.5962962962962965	2.6130240000000002	0.0028699999999999997	10.15809024	0.046194999999999986
3.6022022022022027	2.59744	0.012974000000000001	5.223424	0.48926124
3.6081081081081083	2.592704	0.00495	11.94205184	0.101355
3.6140140140140145	2.4597119999999997	0.022026	14.81363456	0.07686124000000001
3.61991991991992	2.610512	0.016992	5.29011456	0.09427135999999998
3.6258258258258262	2.480896	0.039366000000000005	6.491299840000001	0.59220044
3.631731731731732	2.448464	0.004968	24.212631039999998	0.11645375999999999
3.637637637637638	2.58312	0.017624	5.197504	0.10137023999999999
3.6435435435435437	2.440048	0.011424	12.126440959999998	0.11689023999999999
3.64944944944945	2.5481279999999997	0.022964	8.511068159999999	0.41913103999999995
3.6553553553553555	2.511392	0.016318	7.46279936	1.3207287600000004
3.6612612612612616	2.440352	0.02329	4.31594496	0.089411
3.6671671671671673	2.4962560000000003	0.01086	21.64516864	0.523436
3.6730730730730734	2.4508799999999997	0.01791	19.618816	0.151027
3.678978978978979	2.533632	0.018524000000000002	16.925941760000004	0.07142223999999998
3.684884884884885	2.538304	0.009009999999999999	27.14589184	0.24737099999999995
3.690790790790791	2.529952	0.015826	3.24074496	0.4905732399999999
3.696696696696697	2.58304	0.002588	13.317631999999998	0.03474256
3.7026026026026027	2.599344	0.038208	13.67300864	0.35772736000000005
3.7085085085085088	2.50968	0.026164	30.923455999999998	0.15075504000000003
3.714414414414415	2.505424	0.013268	13.573578240000003	0.38794576000000003
3.7203203203203206	2.466928	0.010916	15.964700160000001	0.08583344000000001
3.7262262262262267	2.545264	0.006142	31.222423039999995	0.10924236000000001
3.7321321321321324	2.5480959999999997	0.014976	5.76221184	0.46711423999999996
3.7380380380380385	2.552176	0.009781999999999999	16.115146239999998	0.38584076
3.743943943943944	2.4714400000000003	0.021748	5.006528	0.14460495999999998
3.7498498498498503	2.442592	0.027478	39.026063359999995	0.07240716
3.755755755755756	2.570832	0.0302	7.460789760000001	0.218904
3.761661661661662	2.5121759999999997	0.005548	8.240074239999998	0.10053296
3.7675675675675677	2.444032	0.023126	6.878965759999999	0.37805324000000007
3.773473473473474	2.3767840000000002	0.034676	10.846461440000002	0.20655824000000003
3.7793793793793795	2.614224	0.051455999999999995	7.50125824	0.31270464000000003
3.7852852852852856	2.52448	0.008124	11.356160000000001	0.46495024
3.7911911911911913	2.490816	0.01325	14.409789440000003	0.135987
3.7970970970970974	2.47168	0.01225	14.205951999999998	0.705483
3.803003003003003	2.367616	0.016592	7.425085440000001	0.6839433600000001
3.808908908908909	2.441248	0.010584	11.900200960000001	0.41423743999999996
3.814814814814815	2.474736	0.027406	32.43176704	0.11423563999999999
3.820720720720721	2.399552	0.007659999999999999	5.192744959999999	0.367284
3.826626626626627	2.5645119999999997	0.014278	26.043586559999998	1.2771191599999998
3.832532532532533	2.426768	0.021644	15.458229760000002	0.45830864
3.838438438438439	2.444688	0.01321	29.403266560000002	0.287331
3.8443443443443446	2.4321599999999997	0.017888	35.456768	0.2892745599999999
3.8502502502502507	2.477296	0.035218	19.107683839999996	0.14516076
3.8561561561561564	2.442384	0.008052	17.41951744	0.15782095999999998
3.8620620620620625	2.2932799999999998	0.006608	9.34272	0.14187136
3.867967967967968	2.335216	0.015774	3.3436134399999995	0.9333572400000001
3.8738738738738743	2.397392	0.014075999999999998	14.39419136	0.86920624
3.87977977977978	2.38936	0.045554000000000004	10.086079999999995	0.39739084
3.885685685685686	2.306	0.023458	15.8384	0.15064236
3.8915915915915917	2.319168	0.03145	2.0651417600000004	0.143779
3.897497497497498	2.421648	0.0051920000000000004	57.081576959999985	0.12288735999999999
3.9034034034034035	2.326832	0.008778	11.840437759999999	0.13735915999999995
3.9093093093093096	2.353712	0.039702	7.885954559999998	0.23200396
3.9152152152152153	2.39712	0.046282	6.77632	0.29813675999999995
3.9211211211211214	2.358592	0.019286	10.516623359999999	0.5432100400000002
3.927027027027027	2.2957919999999996	0.025325999999999998	18.29153536	0.08506124000000001
3.9329329329329332	2.384656	0.011446	14.39646464	0.42668683999999996
3.9388388388388393	2.33704	0.024878	9.885375999999997	0.25618316
3.944744744744745	2.2374400000000003	0.006215999999999999	10.730495999999997	0.21434944
3.950650650650651	2.438512	0.003252	12.381826559999999	0.04973296000000001
3.956556556556557	2.344496	0.012288	22.17456384	0.54516256
3.962462462462463	2.256304	0.015059999999999999	13.922147840000003	0.250668
3.9683683683683686	2.386112	0.024336	11.555266559999996	0.47224703999999995
3.9742742742742747	2.3027040000000003	0.008286	9.863011840000002	0.31622604000000004
3.9801801801801804	2.361264	0.04808	17.04923904	0.503184
3.9860860860860865	2.32128	0.004124	20.4416	0.04447824
3.991991991991992	2.2728479999999998	0.011262000000000001	17.939688959999998	0.14101356000000004
3.9978978978978983	2.361504	0.0055780000000000005	11.44617984	0.12689515999999995
4.0038038038038035	2.20928	0.014262	22.260223999999997	0.79690156
4.00970970970971	2.29208	0.018258	12.488383999999998	0.27529035999999996
4.015615615615616	2.278016	0.023763999999999997	17.66406144	0.7788990399999999
4.021521521521522	2.3025599999999997	0.025751999999999997	11.772159999999998	0.86489696
4.027427427427427	2.275696	0.015362	12.560227839999996	0.20210155999999999
4.033333333333333	2.300896	0.018165999999999998	4.339107839999999	0.13324044000000002
4.039239239239239	2.239456	0.0277	8.546928640000003	0.10057200000000001
4.0451451451451454	2.23392	0.010364	28.740608	0.26565104000000006
4.051051051051051	2.2324319999999997	0.012332	7.433653760000001	0.29200976000000006
4.056956956956957	2.216672	0.017891999999999998	9.298524160000003	0.12532336000000002
4.062862862862863	2.2742400000000003	0.009004	21.612031999999992	0.22323184000000001
4.068768768768769	2.2953759999999996	0.012758	5.050314240000001	0.62969036
4.074674674674675	2.175984	0.015924	4.590333439999999	0.24639824
4.08058058058058	2.197104	0.023836000000000003	7.307619839999999	0.6088750400000001
4.0864864864864865	2.139504	0.021416	7.757667839999999	0.38778144000000003
4.092392392392393	2.223264	0.012124	9.76456704	0.36867024000000004
4.098298298298299	2.1865919999999996	0.022118000000000002	24.103311359999996	0.25775275999999997
4.104204204204204	2.250096	0.008338	4.34057984	0.21526956000000005
4.11011011011011	2.304	0.017953999999999998	8.895488	0.29486283999999996
4.116016016016016	2.165184	0.01983	8.105021440000002	0.191643
4.121921921921921	2.265168	0.028877999999999997	16.683957760000002	0.24906316
4.1278278278278275	2.16648	0.0075	5.6746880000000015	0.210164
4.133733733733734	2.270848	0.00413	4.325928959999998	0.09224299999999999
4.13963963963964	2.231168	0.016916	19.561205760000007	0.24720144
4.145545545545545	2.2789599999999997	0.017741999999999997	24.534719999999997	0.37575436
4.151451451451451	2.234416	0.00863	24.673533439999996	0.155123
4.157357357357357	2.1697759999999997	0.03821	5.202890239999999	1.5402750000000003
4.163263263263263	2.153264	0.032838	23.64431104	0.54555756
4.169169169169169	2.156384	0.017932	8.26246144	0.15237776
4.175075075075075	2.187088	0.015402	3.906690559999999	0.5162359599999999
4.180980980980981	2.231296	0.010944	20.764323840000003	0.24960064
4.186886886886887	2.139024	0.015036	11.916746239999998	0.18569904
4.192792792792793	2.10224	0.0072180000000000005	28.187903999999993	0.10250475999999999
4.198698698698698	2.261104	0.02204	7.71670784	0.8614560000000001
4.204604604604604	2.232832	0.004744	6.01573376	0.07409664000000002
4.2105105105105105	2.085872	0.014452000000000001	36.66025216	0.09514895999999999
4.216416416416417	2.19728	0.047788	7.259904000000001	0.26367056
4.222322322322322	2.109264	0.008668	6.77647104	0.26186576
4.228228228228228	2.096048	0.027045999999999997	13.91588096	0.10142284000000001
4.234134134134134	2.089728	0.028486	5.844316159999998	0.39611404
4.24004004004004	2.12048	0.005926	7.662336	0.08298924
4.245945945945945	2.05064	0.036660000000000005	3.3374079999999995	0.15456400000000003
4.2518518518518515	2.061808	0.043192	8.46369536	0.07011936
4.257757757757758	2.2147200000000002	0.018412	40.594944	0.36487055999999995
4.263663663663664	2.148112	0.006876	11.239554559999998	0.23081424000000006
4.269569569569569	2.170992	0.009602	29.720911360000002	0.20430796
4.275475475475475	2.142304	0.016616	19.796387839999994	0.41932544
4.281381381381381	2.112192	0.029286000000000003	11.022479359999998	0.3537780399999999
4.287287287287287	2.310064	0.00923	15.134871040000004	0.20557900000000004
4.2931931931931935	2.1201119999999998	0.0128	4.998786559999999	0.119672
4.299099099099099	2.080784	0.00647	17.238269439999996	0.130459
4.305005005005005	2.217936	0.012338	19.05371904	0.53422156
4.310910910910911	2.252416	0.0128	9.651261439999999	0.21158400000000002
4.316816816816817	2.015488	0.028064	10.47597056	0.25431103999999993
4.322722722722722	2.1656	0.008166	75.234048	0.23085643999999997
4.328628628628628	2.0798240000000003	0.020932	8.973770239999999	0.39829776
4.3345345345345345	2.084736	0.006232	11.57679104	0.10622176
4.340440440440441	2.162784	0.012776000000000001	50.130237439999995	0.48829824
4.346346346346346	2.06632	0.026760000000000003	6.0336	0.23184800000000005
4.352252252252252	2.089584	0.030306	5.539069440000002	0.45815564000000003
4.358158158158158	2.128352	0.007542	18.316072960000003	0.12778636000000002
4.364064064064064	2.10168	0.016962	2.241216	0.18750956000000002
4.3699699699699694	2.093456	0.01847	9.91646464	0.101299
4.375875875875876	2.120256	0.0052439999999999995	5.395312639999999	0.17706064000000002
4.381781781781782	2.054256	0.010176000000000001	8.968752639999998	0.21522624
4.387687687687688	2.045488	0.004154	12.289666559999999	0.08674284000000002
4.393593593593593	2.11184	0.008029999999999999	9.776896	0.24680300000000008
4.399499499499499	2.0053919999999996	0.015708	23.203151359999996	0.31365935999999994
4.405405405405405	2.01336	0.004686	7.376575999999999	0.09822603999999999
4.411311311311311	2.041264	0.014875999999999999	7.813271040000001	0.26340623999999996
4.4172172172172175	2.1132	0.011718000000000001	6.210751999999999	0.63978476
4.423123123123123	2.033664	0.021636000000000002	8.596951040000002	0.060587040000000016
4.429029029029029	2.059296	0.007706	3.4502758399999998	0.07770764000000001
4.434934934934935	1.954272	0.007476000000000001	7.130204160000001	0.39011024000000005
4.440840840840841	1.995424	0.006138	4.65153024	0.24630156000000003
4.446746746746746	1.971744	0.004868	5.579888639999999	0.052625759999999994
4.452652652652652	2.031952	0.021186	12.590824959999999	0.09841803999999997
4.4585585585585585	2.058624	0.019576	4.721418240000001	0.15954623999999998
4.464464464464465	1.994384	0.029301999999999998	19.351293440000003	0.24526795999999995
4.47037037037037	2.010224	0.0072959999999999995	16.458698239999997	0.2829798399999999
4.476276276276276	2.011376	0.028842000000000003	26.029002239999997	0.40682636
4.482182182182182	2.1406080000000003	0.008412000000000001	8.74203136	0.30392656
4.488088088088088	1.98512	0.020744	11.50336	0.5907686400000001
4.4939939939939935	1.943472	0.009462	4.072476159999999	0.46167756
4.4998998998999	2.05408	0.009595999999999999	15.089152000000002	0.12946384
4.505805805805806	1.8886880000000001	0.008602	13.395586560000005	0.26349996000000003
4.511711711711712	1.984832	0.005374	5.4274457599999995	0.10828524000000002
4.517617617617617	2.070608	0.015396	12.030799359999998	0.19075184
4.523523523523523	1.98088	0.006658	15.604928	0.10047436000000001
4.529429429429429	1.984128	0.010262	21.83970816	0.28927756
4.535335335335335	1.904832	0.01871	11.917045759999997	0.28755500000000006
4.5412412412412415	1.9743680000000001	0.012969999999999999	22.485493759999997	0.40870699999999993
4.547147147147147	1.94248	0.0055060000000000005	6.4355199999999995	0.14289963999999997
4.553053053053053	2.005504	0.010628	8.68777984	0.06010416000000001
4.558958958958959	1.963008	0.008326	8.30171136	0.20114923999999998
4.564864864864865	1.991104	0.010794	3.5897958400000003	0.33621164000000003
4.57077077077077	2.007552	0.018019999999999998	13.724712959999998	0.496004
4.576676676676676	1.935232	0.031582	8.43698176	0.16610476
4.5825825825825826	1.9616799999999999	0.009438	7.397056	0.37076555999999994
4.588488488488489	1.907792	0.019656	28.428623359999996	0.62330464
4.594394394394394	1.913232	0.020863999999999997	25.54155776	0.4172470400000001
4.6003003003003	1.94648	0.019086000000000002	8.852160000000001	0.24397804
4.606206206206206	1.975744	0.01163	8.381296639999999	0.169827
4.612112112112112	2.044352	0.015872	6.726696959999998	0.23152415999999998
4.6180180180180175	1.7688	0.011836	9.001728	0.35649104000000004
4.623923923923924	2.015664	0.037025999999999996	7.438999040000001	0.34154123999999997
4.62982982982983	1.9773759999999998	0.006586	8.296458240000002	0.14699403999999996
4.635735735735736	1.9796479999999999	0.031904	17.22576896	0.20643584
4.641641641641642	1.9662400000000002	0.013984	14.475008	0.38435744000000005
4.647547547547547	1.970352	0.0045119999999999995	16.55012096	0.11373056
4.653453453453453	1.893056	0.021418	13.07070464	0.23472075999999997
4.659359359359359	1.977712	0.0227	14.25984256	0.800148
4.6652652652652655	1.94392	0.00984	7.438016	0.23024800000000004
4.671171171171171	1.92504	0.013493999999999999	11.642560000000001	0.43501964
4.677077077077077	1.869344	0.054155999999999996	11.82372864	0.6715806399999998
4.682982982982983	1.881904	0.014936000000000001	10.07753984	0.41607104
4.688888888888889	1.946336	0.012138	19.523799039999997	0.13180556
4.694794794794794	1.883088	0.007564	23.608450560000005	0.30006704
4.7007007007007005	1.9345599999999998	0.009236	7.636223999999998	0.11198704
4.706606606606607	1.930192	0.005786	11.770703359999995	0.16057804
4.712512512512513	1.907504	0.008798	9.758563839999999	0.25420396
4.718418418418418	1.7689759999999999	0.011116	8.367562240000002	0.45655344000000003
4.724324324324324	1.9795200000000002	0.007398	13.074432	0.35230796
4.73023023023023	1.895536	0.007998	29.174935040000005	0.17759595999999997
4.736136136136136	1.887952	0.025391999999999998	4.00202496	0.52337536
4.7420420420420415	1.8637119999999998	0.006072	5.450946559999999	0.16589215999999996
4.747947947947948	1.932016	0.012056	6.45196544	0.09564064000000001
4.753853853853854	1.8712799999999998	0.0179	30.539456	0.463196
4.75975975975976	1.823088	0.024390000000000002	6.296194560000001	0.203603
4.765665665665666	1.899632	0.009134	30.188469759999997	0.4581444399999999
4.771571571571571	1.9299680000000001	0.005914	17.79806976	0.16259404000000005
4.777477477477477	1.8605919999999998	0.003098	3.4312473600000004	0.05254795999999999
4.783383383383383	1.8805599999999998	0.014303999999999999	17.090752	0.07391584000000001
4.7892892892892895	1.8893919999999997	0.022288	12.149071359999995	0.22065056000000005
4.795195195195195	1.8392959999999998	0.003034	8.850083839999998	0.06536844
4.801101101101101	1.84624	0.00249	11.123456	0.039523
4.807007007007007	1.834528	0.009729999999999999	11.05058816	0.184507
4.812912912912913	1.858464	0.010908	20.058839039999995	0.08785936
4.818818818818818	1.90976	0.036516	8.727552000000001	0.25952944
4.8247247247247245	1.937152	0.021362	37.91210495999999	0.56437356
4.830630630630631	1.9662400000000002	0.019878	63.34336	0.64727916
4.836536536536537	1.8708	0.018498	12.718784	0.37797996
4.842442442442442	1.8270560000000002	0.0061719999999999995	15.175216639999999	0.15712016000000004
4.848348348348348	1.812096	0.016732	6.78979584	0.16138576000000002
4.854254254254254	1.805232	0.022202	41.644981759999986	1.27207596
4.86016016016016	1.8787200000000002	0.007552	6.616575999999999	0.29759296
4.8660660660660655	1.7700639999999999	0.004944	10.528407040000001	0.08784064
4.871971971971972	1.8214720000000002	0.004548	19.418716160000006	0.09704496
4.877877877877878	1.79872	0.00944	7.446528	0.3459360000000001
4.883783783783784	1.828064	0.025642	5.463255040000001	0.62227436
4.88968968968969	1.8282880000000001	0.014292	9.463746559999995	0.13038735999999998
4.895595595595595	1.831904	0.003992	15.019427839999999	0.09887936
4.901501501501501	1.823984	0.017356	11.83359744	0.30476464000000003
4.907407407407407	1.815184	0.0198	4.04710144	0.68492
4.913313313313314	1.844432	0.019886	3.1461657599999993	1.20989004
4.919219219219219	1.7938560000000001	0.006346	16.156016639999997	0.09105484000000001
4.925125125125125	1.695984	0.010558	7.66489344	0.32513835999999996
4.931031031031031	1.8825599999999998	0.024676	20.015615999999998	0.37334224000000005
4.936936936936937	1.81424	0.012208	7.791360000000001	0.47535136
4.942842842842842	1.8154080000000001	0.01043	6.935375360000003	1.266115
4.9487487487487485	1.8145919999999998	0.025124	16.102031359999998	0.45511823999999995
4.954654654654655	1.832	0.007451999999999999	8.759296	0.12113296
4.960560560560561	1.8465759999999998	0.004652	12.367818240000002	0.12612495999999998
4.966466466466466	1.767184	0.003676	10.172157439999998	0.20695024000000004
4.972372372372372	1.8590080000000002	0.0069	11.690127360000002	0.153524
4.978278278278278	1.7840479999999999	0.0032719999999999997	8.54756096	0.09818016
4.984184184184184	1.711136	0.014053999999999999	10.051287039999998	0.5994548399999999
4.99009009009009	1.8334080000000001	0.014828000000000001	28.271247360000007	0.11586416
4.995995995995996	1.8153119999999998	0.009038	19.496578560000003	0.25462156
5.001901901901902	1.750272	0.009188	6.778716159999997	0.12204655999999997
5.007807807807808	1.7754560000000001	0.032018	12.877936639999998	0.25325676
5.013713713713714	1.792384	0.038428	17.664061439999998	0.63340016
5.019619619619619	1.77984	0.018802000000000003	5.444608000000001	0.40969996000000003
5.025525525525525	1.8377439999999998	0.012102	11.620912640000002	0.31563596
5.0314314314314315	1.717472	0.00409	6.368860160000003	0.068755
5.037337337337338	1.8322880000000001	0.008194	15.254210559999999	0.5576996399999999
5.043243243243243	1.7091040000000002	0.006215999999999999	9.727331839999998	0.26784543999999993
5.049149149149149	1.716144	0.007214	10.47403264	0.16130604
5.055055055055055	1.717616	0.01345	23.73298944	0.612283
5.060960960960961	1.7126880000000002	0.032474	10.09062656	0.48985324
5.066866866866866	1.8054720000000002	0.020498	23.712860159999998	0.13829196000000002
5.0727727727727725	1.7117759999999997	0.010578	14.600202239999998	0.3026231599999999
5.078678678678679	1.723744	0.011534	18.97995264	0.25105644
5.084584584584585	1.7245119999999998	0.010978	11.831490559999999	0.7070311600000002
5.09049049049049	1.8058400000000001	0.023563999999999998	24.112832	0.08381904000000001
5.096396396396396	1.8301759999999998	0.008738	10.609674240000002	0.52471756
5.102302302302302	1.798768	0.038031999999999996	48.32299775999999	0.25990975999999993
5.108208208208208	1.710752	0.030483999999999997	4.593448959999999	1.14824944
5.114114114114114	1.743696	0.010879999999999999	15.123299840000001	0.8299919999999998
5.12002002002002	1.8110240000000002	0.005222	7.91905024	0.08277516
5.125925925925926	1.755264	0.014424000000000001	38.56328703999999	0.25625023999999996
5.131831831831832	1.8410400000000002	0.011179999999999999	4.389056	0.26117199999999996
5.137737737737738	1.744752	0.03474	6.80420096	2.210828
5.143643643643643	1.783616	0.01122	4.922429440000001	0.370748
5.149549549549549	1.7173919999999998	0.0069180000000000005	6.242639360000003	0.07667276
5.1554554554554555	1.744688	0.003228	17.212546559999993	0.06677615999999999
5.161361361361362	1.7330240000000001	0.011876000000000001	16.235530240000003	0.97027824
5.167267267267267	1.7269919999999999	0.010898	12.174671360000003	0.26101996000000005
5.173173173173173	1.836656	0.00424	13.18814464	0.060024
5.179079079079079	1.713328	0.0049	14.281244160000002	0.117372
5.184984984984985	1.7661919999999998	0.010029999999999999	20.952911359999998	0.23641900000000002
5.19089089089089	1.719616	0.008574	16.696893440000004	0.19558924
5.1967967967967965	1.738288	0.006044	5.224066560000001	0.15070064000000002
5.202702702702703	1.716048	0.035486000000000004	17.63248896	0.26904204000000004
5.208608608608609	1.8003200000000001	0.011936	6.325247999999998	0.21916704
5.214514514514514	1.6982720000000002	0.019208000000000003	8.348764160000002	0.28095935999999994
5.22042042042042	1.676464	0.006304	26.263191039999995	0.18644384
5.226326326326326	1.758896	0.004014	17.151843839999994	0.051442039999999994
5.232232232232232	1.6810080000000003	0.011976	23.73767936	0.23134624000000004
5.2381381381381384	1.693184	0.005082	18.072125440000008	0.18304076
5.244044044044044	1.7214720000000001	0.011831999999999999	11.483996160000004	0.40427775999999993
5.24994994994995	1.674896	0.016266	5.357923839999999	0.18751243999999995
5.255855855855856	1.669776	0.006762000000000001	17.825738239999996	0.15769356
5.261761761761762	1.6585279999999998	0.017838	33.609820160000005	0.53280556
5.267667667667667	1.7316639999999999	0.008234	7.590039040000001	0.33564844
5.273573573573573	1.716304	0.027794	4.29091584	1.8293556400000002
5.2794794794794795	1.6448639999999999	0.0139	6.317527040000002	0.2487
5.285385385385386	1.648032	0.005932	6.5945497600000005	0.14836175999999998
5.291291291291291	1.661872	0.0068260000000000005	10.547228160000001	0.22710124
5.297197197197197	1.699024	0.015276	7.70657024	0.92698224
5.303103103103103	1.714752	0.016552	9.598504959999998	0.3535049600000001
5.309009009009009	1.713728	0.036768	18.066268160000014	0.25171775999999996
5.314914914914914	1.730144	0.006976	8.23768064	0.22897824
5.3208208208208205	1.6015840000000001	0.011634	9.47890944	0.50712044
5.326726726726727	1.636384	0.00445	7.326525439999999	0.090171
5.332632632632633	1.7089439999999998	0.025178	12.907056639999999	0.40156716000000003
5.338538538538539	1.7072319999999999	0.011470000000000001	3.73656576	0.543979
5.344444444444444	1.7467840000000001	0.006248	47.207229440000006	0.33982496
5.35035035035035	1.663456	0.005612	8.34724864	0.23591855999999997
5.356256256256256	1.634624	0.013909999999999999	15.761162239999999	0.22264299999999998
5.3621621621621625	1.6662240000000001	0.009018	24.701898240000002	0.40673676000000003
5.368068068068068	1.605424	0.018722	11.45492224	0.39399916000000007
5.373973973973974	1.614256	0.007576	23.23460864	0.23639424000000003
5.37987987987988	1.656304	0.008908	24.62499584	0.39681936000000007
5.385785785785786	1.610608	0.017013999999999998	7.0715673599999995	0.37491404
5.391691691691691	1.6429759999999998	0.003442	9.08442624	0.05193836000000001
5.397597597597597	1.56592	0.014036000000000002	22.861056	0.70994704
5.4035035035035035	1.63352	0.03205	13.9184	0.408139
5.40940940940941	1.57064	0.014163999999999998	7.708352000000001	0.32695504
5.415315315315315	1.662736	0.005744	13.832343040000001	0.12816864
5.421221221221221	1.6370559999999998	0.006362	38.93899264	0.17980556
5.427127127127127	1.558096	0.01321	13.124963840000003	0.376379
5.433033033033033	1.62496	0.037548000000000005	14.795776000000002	0.11824495999999997
5.438938938938938	1.6865119999999998	0.009526	8.18137856	0.24458924000000007
5.4448448448448445	1.635968	0.007624	4.30667776	0.28552224000000004
5.450750750750751	1.627664	0.016656	29.71151104	0.21502464
5.456656656656657	1.6562400000000002	0.007976	10.737344	0.30609023999999996
5.462562562562563	1.596416	0.021172	10.294333439999997	0.17740016
5.468468468468468	1.643328	0.005412	14.683996160000003	0.09727056
5.474374374374374	1.620576	0.009528	24.23809024	0.20389216000000002
5.48028028028028	1.636144	0.014774	6.678576640000001	0.15645324000000002
5.4861861861861865	1.60304	0.019522	6.39872	1.0277991599999998
5.492092092092092	1.631984	0.00434	16.22143744	0.08441200000000001
5.497997997997998	1.6968	0.010868000000000001	7.506175999999999	0.16601776
5.503903903903904	1.58792	0.005882	70.98438399999999	0.11450476000000001
5.50980980980981	1.556624	0.0177	12.693962240000001	0.202908
5.515715715715715	1.568432	0.0037920000000000002	13.615029759999999	0.07356735999999998
5.521621621621621	1.5682719999999999	0.009362	5.559836160000001	0.30782156000000005
5.5275275275275275	1.5368959999999998	0.00893	8.793763839999999	0.373947
5.533433433433434	1.575008	0.00817	6.796687360000001	0.143875
5.539339339339339	1.59568	0.008768000000000001	6.180096000000001	0.35265376000000004
5.545245245245245	1.531488	0.015906	23.71961856	0.3043876399999999
5.551151151151151	1.5185440000000001	0.024215999999999998	8.31134464	0.12258944000000001
5.557057057057057	1.6562720000000002	0.021664	18.092572160000003	2.26694304
5.562962962962962	1.594144	0.017586	51.847280639999994	0.3397060399999998
5.568868868868869	1.562144	0.006723999999999999	11.534448639999999	0.27725423999999993
5.574774774774775	1.638176	0.007742	6.622730239999998	0.37689036000000004
5.580680680680681	1.55056	0.0025440000000000003	27.26016	0.022064640000000003
5.586586586586587	1.655792	0.0033640000000000002	16.65774336	0.04999504
5.592492492492492	1.5620479999999999	0.007088	7.863336959999998	0.22839455999999997
5.598398398398398	1.560432	0.0067	15.542709760000001	0.183676
5.604304304304304	1.626624	0.025733999999999996	24.939786240000007	0.16654444000000004
5.6102102102102105	1.562096	0.005576	33.29520384	0.18079424
5.616116116116116	1.584208	0.00731	11.988815360000002	0.11298699999999999
5.622022022022022	1.6020159999999999	0.01009	13.757757439999999	0.307211
5.627927927927928	1.549328	0.004186	16.66255616	0.06060203999999999
5.633833833833834	1.690432	0.036416000000000004	10.909941760000002	1.06436544
5.639739739739739	1.582192	0.005888	10.181455360000001	0.12479456
5.645645645645645	1.568992	0.007792	13.07790336	0.19031936
5.6515515515515515	1.488448	0.007520000000000001	40.90013696000001	0.15458399999999997
5.657457457457458	1.559728	0.030012	19.861532159999996	0.50143856
5.663363363363363	1.66832	0.01621	2.89152	0.590835
5.669269269269269	1.5224	0.0052179999999999995	27.669759999999997	0.28212075999999997
5.675175175175175	1.610128	0.007428	33.431068159999995	0.20713616
5.681081081081081	1.537728	0.004232	8.99414016	0.06618175999999999
5.686986986986987	1.51544	0.021458	13.035712	0.22548235999999997
5.692892892892893	1.5803200000000002	0.01951	5.942016000000001	0.279667
5.698798798798799	1.5186879999999998	0.004542	20.90003456	0.13703436000000002
5.704704704704705	1.580496	0.025612	24.815971839999996	0.6086305599999999
5.710610610610611	1.49624	0.005472	4.877504000000001	0.18840416
5.716516516516516	1.553968	0.005328	16.91230976	0.11103616
5.722422422422422	1.560352	0.008026	12.36509696	0.28549324
5.728328328328328	1.454432	0.014981999999999999	8.98200576	0.5810167599999999
5.7342342342342345	1.578496	0.005346	7.2920678400000005	0.17588684000000002
5.74014014014014	1.442608	0.006618000000000001	7.710031360000001	0.22348075999999997
5.746046046046046	1.580368	0.018491999999999998	19.60082176	0.3709233599999999
5.751951951951952	1.606272	0.009946	25.562972159999998	0.51539884
5.757857857857858	1.591408	0.004026	16.24814336	0.07718124
5.763763763763763	1.537488	0.0098	37.51744256	0.410112
5.769669669669669	1.6097920000000001	0.007859999999999999	32.46657535999999	0.29697199999999996
5.7755755755755755	1.527408	0.021108000000000002	14.096207360000003	0.4719873599999999
5.781481481481482	1.6116	0.011531999999999999	14.22304	0.45322576
5.787387387387387	1.580848	0.01198	23.397608960000003	0.216892
5.793293293293293	1.498304	0.008348000000000001	16.655523839999997	0.10346896000000001
5.799199199199199	1.466208	0.0055320000000000005	18.959247360000003	0.18707376000000003
5.805105105105105	1.551552	0.015196000000000001	17.05271296	0.5264318399999999
5.811011011011011	1.513328	0.008094	3.8937881599999993	0.16013964000000006
5.816916916916917	1.5451840000000001	0.003572	5.8862694399999995	0.06638416000000001
5.822822822822823	1.6067360000000002	0.011438	8.45685504	0.25084555999999997
5.828728728728729	1.480544	0.004364	9.50744064	0.07884304
5.834634634634635	1.59552	0.022652000000000002	6.7287040000000005	0.5066049599999999
5.84054054054054	1.516656	0.022154	19.029040639999998	0.4048228400000001
5.846446446446446	1.5268	0.004792	27.599552000000003	0.10191136
5.852352352352352	1.5216	0.019552	6.402048000000001	0.26030496
5.8582582582582585	1.499056	0.018430000000000002	7.027760639999999	0.42121099999999995
5.864164164164164	1.418176	0.010398000000000001	17.28999424	0.31806796000000004
5.87007007007007	1.575184	0.034658	13.733629439999998	1.3587383599999998
5.875975975975976	1.420944	0.005896	5.09342464	0.14041984
5.881881881881882	1.53424	0.014764	11.50336	0.26413103999999993
5.887787787787787	1.511136	0.00698	12.858071039999993	0.21725999999999998
5.8936936936936934	1.587232	0.013774000000000002	12.280309759999998	0.52083724
5.8995995995996	1.4898559999999998	0.028166000000000004	25.158000639999994	0.8218964399999998
5.905505505505506	1.453632	0.024472	11.84024576	1.00446016
5.911411411411411	1.516368	0.016286000000000002	17.076661759999997	0.15453004
5.917317317317317	1.509184	0.012891999999999999	12.230205439999999	0.72221136
5.923223223223223	1.490304	0.007382	30.510243839999998	0.10710476
5.929129129129129	1.488112	0.020018	16.387202560000002	0.5934007600000001
5.935035035035035	1.5199200000000002	0.008878	16.116416000000005	0.14636715999999997
5.940940940940941	1.435872	0.0030239999999999998	11.30402816	0.08322624
5.946846846846847	1.448208	0.023576	10.296143359999999	1.1368902399999998
5.952752752752753	1.488	0.014122	36.97408	0.32893516000000006
5.958658658658659	1.488704	0.017936	20.334755840000007	0.15422304000000003
5.964564564564564	1.4792	0.02493	27.55456	0.444499
5.97047047047047	1.5004959999999998	0.005152	6.926691839999999	0.062368959999999994
5.976376376376376	1.43408	0.004538	36.668671999999994	0.10111756000000001
5.9822822822822825	1.515968	0.008956	21.905141760000003	0.35369264
5.988188188188188	1.50024	0.005246	3.6563839999999996	0.14169484
5.994094094094094	1.498864	0.006298	18.35330304	0.05173196
6.0	1.468656	0.00504	42.88004863999999	0.27875999999999995
